-1
4
-0.123 689.326
223.443 689.326
223.443 862.014
-0.123 862.014
-1
4
55.727 775.672
57.219 775.672
57.219 776.238
55.727 776.238
-1
4
61.695 775.672
63.187 775.672
63.187 776.238
61.695 776.238
-1
4
163.117 775.672
164.609 775.672
164.609 776.238
163.117 776.238
-1
4
181.02 775.672
182.512 775.672
182.512 776.238
181.02 776.238
-1
4
68.219 841.789
79.414 841.789
79.414 842.355
68.219 842.355
-1
4
77.359 848.309
80.902 848.309
80.902 851.852
77.359 851.852
-1
4
98.621 848.309
102.164 848.309
102.164 851.852
98.621 851.852
-1
4
170.973 820.176
171.543 820.176
171.543 842.922
170.973 842.922
-1
4
119.879 848.309
123.422 848.309
123.422 851.852
119.879 851.852
-1
4
70.273 830.594
70.84 830.594
70.84 837.68
70.273 837.68
-1
4
160.699 837.113
167.785 837.113
167.785 837.68
160.699 837.68
-1
4
17.125 837.68
20.668 837.68
20.668 841.223
17.125 841.223
-1
4
24.211 837.68
27.754 837.68
27.754 841.223
24.211 841.223
-1
4
195.566 837.68
199.109 837.68
199.109 841.223
195.566 841.223
-1
4
202.652 837.68
206.195 837.68
206.195 841.223
202.652 841.223
-1
4
195.566 724.293
199.109 724.293
199.109 727.836
195.566 727.836
-1
4
108.258 735.702
110.809 735.702
110.809 739.105
108.258 739.105
-1
4
94.367 735.76
94.934 735.76
94.934 736.637
94.367 736.637
-1
4
128.949 734.285
129.52 734.285
129.52 735.844
128.949 735.844
-1
4
178.273 732.867
189.894 732.867
189.894 733.434
178.273 733.434
-1
4
115.629 735.702
118.18 735.702
118.18 739.105
115.629 739.105
-1
4
24.211 731.379
27.754 731.379
27.754 734.922
24.211 734.922
-1
4
101.879 738.535
106.161 738.535
106.161 739.105
101.879 739.105
-1
4
104.008 742.789
107.408 742.789
107.408 745.34
104.008 745.34
-1
4
195.566 731.379
199.109 731.379
199.109 734.922
195.566 734.922
-1
4
179.406 736.75
179.973 736.75
179.973 738.551
179.406 738.551
-1
4
111.375 742.789
114.779 742.789
114.779 745.34
111.375 745.34
-1
4
24.211 738.465
27.754 738.465
27.754 742.012
24.211 742.012
-1
4
97.77 745.906
100.32 745.906
100.32 749.308
97.77 749.308
-1
4
42.211 740.295
42.777 740.295
42.777 743.015
42.211 743.015
-1
4
118.746 742.789
122.148 742.789
122.148 745.34
118.746 745.34
-1
4
125.323 741.656
181.109 741.656
181.109 742.223
125.323 742.223
-1
4
195.566 738.465
199.109 738.465
199.109 742.012
195.566 742.012
-1
4
118.746 750.16
122.148 750.16
122.148 752.711
118.746 752.711
-1
4
125.323 749.023
182.242 749.023
182.242 749.594
125.323 749.594
-1
4
24.211 745.555
27.754 745.555
27.754 749.094
24.211 749.094
-1
4
105.141 753.277
107.691 753.277
107.691 756.679
105.141 756.679
-1
4
38.809 750.924
39.375 750.924
39.375 757.754
38.809 757.754
-1
4
33.423 747.039
40.508 747.039
40.508 747.609
33.423 747.609
-1
4
111.375 750.16
114.779 750.16
114.779 752.711
111.375 752.711
-1
4
115.629 757.813
118.18 757.813
118.18 761.215
115.629 761.215
-1
4
24.211 752.641
27.754 752.641
27.754 756.184
24.211 756.184
-1
4
100.887 765.182
103.441 765.182
103.441 768.582
100.887 768.582
-1
4
36.543 764.898
97.998 764.898
97.998 765.469
36.543 765.469
-1
4
101.879 759.09
102.445 759.09
102.445 760.875
101.879 760.875
-1
4
108.258 765.182
110.809 765.182
110.809 768.582
108.258 768.582
-1
4
185.078 754.129
185.645 754.129
185.645 758.181
185.078 758.181
-1
4
195.566 752.641
199.109 752.641
199.109 756.184
195.566 756.184
-1
4
118.746 764.898
122.148 764.898
122.148 767.449
118.746 767.449
-1
4
125.323 763.766
186.777 763.766
186.777 764.332
125.323 764.332
-1
4
33.423 761.215
35.633 761.215
35.633 761.781
33.423 761.781
-1
4
100.887 772.553
103.441 772.553
103.441 775.953
100.887 775.953
-1
4
43.793 775.672
45.285 775.672
45.285 776.238
43.793 776.238
-1
4
49.762 775.672
51.25 775.672
51.25 776.238
49.762 776.238
-1
4
188.477 703.742
192.02 703.742
192.02 713.664
188.477 713.664
-1
4
18.613 714.559
51.512 714.559
51.512 715.129
18.613 715.129
-1
4
17.125 717.207
20.668 717.207
20.668 720.75
17.125 720.75
-1
4
105.141 716.426
107.691 716.426
107.691 719.827
105.141 719.827
-1
4
111.375 720.68
114.779 720.68
114.779 723.23
111.375 723.23
-1
4
112.512 703.16
113.078 703.16
113.078 716.879
112.512 716.879
-1
4
54.93 703.953
98.336 703.953
98.336 704.523
54.93 704.523
-1
4
24.211 717.207
27.754 717.207
27.754 720.75
24.211 720.75
-1
4
96.637 720.68
100.038 720.68
100.038 723.23
96.637 723.23
-1
4
167.82 715.742
197.621 715.742
197.621 716.309
167.82 716.309
-1
4
118.746 720.68
122.148 720.68
122.148 723.23
118.746 723.23
-1
4
119.879 704.295
120.445 704.295
120.445 717.787
119.879 717.787
-1
4
126.117 720.68
131.786 720.68
131.786 723.23
126.117 723.23
-1
4
127.59 705.09
164.062 705.09
164.062 705.656
127.59 705.656
-1
4
195.566 710.121
199.109 710.121
199.109 713.664
195.566 713.664
-1
4
81.047 724.93
91.535 724.93
91.535 730.602
81.047 730.602
-1
4
105.141 723.797
107.691 723.797
107.691 727.199
105.141 727.199
