-1
4
-0.123 689.326
223.443 689.326
223.443 862.014
-0.123 862.014
-1
4
175.051 775.672
176.543 775.672
176.543 776.238
175.051 776.238
-1
4
57.59 778.278
58.156 778.278
58.156 849.726
57.59 849.726
-1
4
121.367 842.355
171.201 842.355
171.201 842.922
121.367 842.922
-1
4
112.512 723.797
115.063 723.797
115.063 727.199
112.512 727.199
-1
4
117.953 726.914
130.793 726.914
130.793 727.48
117.953 727.48
-1
4
177.141 729.664
177.707 729.664
177.707 732.457
177.141 732.457
-1
4
105.141 731.168
107.691 731.168
107.691 734.568
105.141 734.568
-1
4
44.477 733.207
45.043 733.207
45.043 736.637
44.477 736.637
-1
4
112.512 731.168
115.063 731.168
115.063 734.568
112.512 734.568
-1
4
117.953 734.285
129.177 734.285
129.177 734.852
117.953 734.852
-1
4
105.141 738.535
107.691 738.535
107.691 741.939
105.141 741.939
-1
4
101.173 747.039
104.574 747.039
104.574 749.594
101.173 749.594
-1
4
41.078 750.16
97.998 750.16
97.998 750.727
41.078 750.727
-1
4
26.039 743.5
41.305 743.5
41.305 744.066
26.039 744.066
-1
4
97.77 738.535
100.32 738.535
100.32 741.939
97.77 741.939
-1
4
180.543 739.953
189.894 739.953
189.894 740.523
180.543 740.523
-1
4
123.282 739.672
126.684 739.672
126.684 742.223
123.282 742.223
-1
4
123.282 747.039
126.684 747.039
126.684 749.594
123.282 749.594
-1
4
108.258 757.813
110.809 757.813
110.809 761.215
108.258 761.215
-1
4
108.258 750.442
110.809 750.442
110.809 753.844
108.258 753.844
-1
4
104.008 751.691
104.574 751.691
104.574 755.629
104.008 755.629
-1
4
182.809 747.039
189.894 747.039
189.894 747.609
182.809 747.609
-1
4
112.512 745.906
115.063 745.906
115.063 749.308
112.512 749.308
-1
4
117.16 753.277
121.099 753.277
121.099 753.844
117.16 753.844
-1
4
117.953 756.395
184.168 756.395
184.168 756.961
117.953 756.961
-1
4
37.676 754.469
38.242 754.469
38.242 759.656
37.676 759.656
-1
4
101.879 760.648
106.161 760.648
106.161 761.215
101.879 761.215
-1
4
104.008 764.898
107.408 764.898
107.408 767.449
104.008 767.449
-1
4
115.913 761.781
119.313 761.781
119.313 764.332
115.913 764.332
-1
4
185.418 754.129
189.894 754.129
189.894 754.695
185.418 754.695
-1
4
186.211 757.672
197.621 757.672
197.621 758.238
186.211 758.238
-1
4
35.406 761.215
35.973 761.215
35.973 772.836
35.406 772.836
-1
4
97.77 768.016
100.32 768.016
100.32 771.419
97.77 771.419
-1
4
104.008 720.68
107.408 720.68
107.408 723.23
104.008 723.23
-1
4
115.913 717.559
119.313 717.559
119.313 720.113
115.913 720.113
-1
4
97.77 716.426
100.32 716.426
100.32 719.827
97.77 719.827
-1
4
123.282 717.559
126.684 717.559
126.684 720.113
123.282 720.113
-1
4
134.054 716.426
139.723 716.426
139.723 720.113
134.054 720.113
-1
4
17.125 710.121
20.668 710.121
20.668 713.664
17.125 713.664
-1
6
81.047 720.113
84.164 720.113
84.164 716.992
91.535 716.992
91.535 711.324
81.047 711.324
-1
4
25.699 729.324
46.18 729.324
46.18 729.891
25.699 729.891
