-1
4
-0.123 689.326
223.443 689.326
223.443 862.014
-0.123 862.014
-1
4
186.988 775.672
188.476 775.672
188.476 776.238
186.988 776.238
-1
4
108.258 728.333
110.809 728.333
110.809 731.734
108.258 731.734
-1
4
92.809 730.035
105.368 730.035
105.368 730.602
92.809 730.602
-1
4
115.913 724.93
119.313 724.93
119.313 727.48
115.913 727.48
-1
4
33.423 732.867
45.043 732.867
45.043 733.434
33.423 733.434
-1
4
94.367 735.418
105.368 735.418
105.368 735.988
94.367 735.988
-1
4
188.477 731.379
192.02 731.379
192.02 734.922
188.477 734.922
-1
4
111.375 735.418
114.779 735.418
114.779 737.969
111.375 737.969
-1
4
129.292 735.277
178.84 735.277
178.84 735.844
129.292 735.844
-1
4
25.699 736.41
43.91 736.41
43.91 736.977
25.699 736.977
-1
4
43.344 739.457
96.154 739.457
96.154 740.023
43.344 740.023
-1
4
108.258 743.073
110.809 743.073
110.809 746.473
108.258 746.473
-1
4
127.676 738.324
179.973 738.324
179.973 738.891
127.676 738.891
-1
4
115.913 739.672
119.313 739.672
119.313 742.223
115.913 742.223
-1
4
101.173 739.672
104.574 739.672
104.574 742.223
101.173 742.223
-1
4
42.211 742.789
97.998 742.789
97.998 743.355
42.211 743.355
-1
4
188.477 738.465
192.02 738.465
192.02 742.012
188.477 742.012
-1
4
119.879 745.906
122.43 745.906
122.43 749.308
119.879 749.308
-1
4
108.542 754.41
111.941 754.41
111.941 756.961
108.542 756.961
-1
4
38.809 757.527
105.368 757.527
105.368 758.094
38.809 758.094
-1
4
31.297 745.555
34.84 745.555
34.84 749.094
31.297 749.094
-1
4
104.008 750.16
107.408 750.16
107.408 752.711
104.008 752.711
-1
4
188.477 745.555
192.02 745.555
192.02 749.094
188.477 749.094
-1
4
195.566 745.555
199.109 745.555
199.109 749.094
195.566 749.094
-1
4
115.913 754.41
119.313 754.41
119.313 756.961
115.913 756.961
-1
4
96.637 764.898
100.038 764.898
100.038 767.449
96.637 767.449
-1
4
105.141 760.648
107.691 760.648
107.691 764.048
105.141 764.048
-1
4
112.512 760.648
115.063 760.648
115.063 764.048
112.512 764.048
-1
4
119.879 760.648
122.43 760.648
122.43 764.048
119.879 764.048
-1
4
101.173 769.152
104.574 769.152
104.574 771.703
101.173 771.703
-1
4
35.746 772.27
97.998 772.27
97.998 772.836
35.746 772.836
-1
4
108.258 720.962
110.809 720.962
110.809 724.363
108.258 724.363
-1
4
112.512 702.82
172.033 702.82
172.033 703.387
112.512 703.387
-1
4
112.512 716.426
115.063 716.426
115.063 719.827
112.512 719.827
-1
4
25.699 715.742
55.496 715.742
55.496 716.309
25.699 716.309
-1
4
101.173 717.559
104.574 717.559
104.574 720.113
101.173 720.113
-1
4
195.566 717.207
199.109 717.207
199.109 720.75
195.566 720.75
-1
4
119.879 716.426
122.43 716.426
122.43 719.827
119.879 719.827
-1
4
33.423 718.695
59.484 718.695
59.484 719.262
33.423 719.262
-1
4
91.532 717.559
97.203 717.559
97.203 720.113
91.532 720.113
-1
4
59.258 705.09
94.594 705.09
94.594 705.656
59.258 705.656
-1
4
163.836 718.695
189.894 718.695
189.894 719.262
163.836 719.262
-1
4
131.785 710.191
142.273 710.191
142.273 715.859
131.785 715.859
-1
4
158.149 725.781
189.894 725.781
189.894 726.348
158.149 726.348
-1
4
31.297 724.293
34.84 724.293
34.84 727.836
31.297 727.836
