-1
4
-0.123 689.326
223.443 689.326
223.443 862.014
-0.123 862.014
-1
4
58.711 775.672
60.203 775.672
60.203 776.238
58.711 776.238
-1
4
169.082 775.672
170.574 775.672
170.574 776.238
169.082 776.238
-1
4
56.102 848.309
59.645 848.309
59.645 851.852
56.102 851.852
-1
4
45.953 733.363
93.375 733.363
93.375 733.93
45.953 733.93
-1
4
130.227 732.23
177.707 732.23
177.707 732.797
130.227 732.797
-1
4
31.297 731.379
34.84 731.379
34.84 734.922
31.297 734.922
-1
4
44.477 736.41
94.934 736.41
94.934 736.977
44.477 736.977
-1
4
112.512 732.301
118.18 732.301
118.18 737.969
112.512 737.969
-1
4
105.141 739.672
110.809 739.672
110.809 745.34
105.141 745.34
-1
4
97.77 747.039
103.441 747.039
103.441 752.711
97.77 752.711
-1
4
119.879 739.672
125.551 739.672
125.551 745.34
119.879 745.34
-1
4
105.141 754.41
110.809 754.41
110.809 760.082
105.141 760.082
-1
4
112.512 747.039
118.18 747.039
118.18 752.711
112.512 752.711
-1
4
183.941 750.582
197.621 750.582
197.621 751.152
183.941 751.152
-1
4
97.77 761.781
103.441 761.781
103.441 767.449
97.77 767.449
-1
4
31.297 752.641
34.84 752.641
34.84 756.184
31.297 756.184
-1
4
112.512 761.781
118.18 761.781
118.18 767.449
112.512 767.449
-1
4
31.297 759.727
34.84 759.727
34.84 763.27
31.297 763.27
-1
4
37.824 775.672
39.316 775.672
39.316 776.238
37.824 776.238
-1
4
112.512 717.559
118.18 717.559
118.18 723.23
112.512 723.23
-1
4
97.77 717.559
103.441 717.559
103.441 723.23
97.77 723.23
-1
4
119.879 703.953
168.387 703.953
168.387 704.523
119.879 704.523
-1
4
127.25 716.426
138.59 716.426
138.59 723.23
127.25 723.23
-1
4
202.652 710.121
206.195 710.121
206.195 713.664
202.652 713.664
-1
4
105.141 724.93
110.809 724.93
110.809 730.602
105.141 730.602
