-1
4
-0.123 689.326
223.443 689.326
223.443 862.014
-0.123 862.014
-1
4
68.219 791.262
93.234 791.262
93.234 791.828
68.219 791.828
-1
4
104.008 728.047
107.408 728.047
107.408 730.602
104.008 730.602
-1
4
111.375 728.047
114.779 728.047
114.779 730.602
111.375 730.602
-1
4
104.008 735.418
107.408 735.418
107.408 737.969
104.008 737.969
-1
4
115.913 732.301
119.313 732.301
119.313 734.852
115.913 734.852
-1
4
108.542 739.672
111.941 739.672
111.941 742.223
108.542 742.223
-1
4
115.629 743.073
118.18 743.073
118.18 746.473
115.629 746.473
-1
4
33.423 739.953
42.777 739.953
42.777 740.523
33.423 740.523
-1
4
96.637 742.789
100.038 742.789
100.038 745.34
96.637 745.34
-1
4
119.879 738.535
122.43 738.535
122.43 741.939
119.879 741.939
-1
4
122.996 750.442
125.551 750.442
125.551 753.844
122.996 753.844
-1
4
104.008 757.527
107.408 757.527
107.408 760.082
104.008 760.082
-1
4
105.141 745.906
107.691 745.906
107.691 749.308
105.141 749.308
-1
4
39.941 747.381
40.508 747.381
40.508 755.629
39.941 755.629
-1
4
115.629 750.442
118.18 750.442
118.18 753.844
115.629 753.844
-1
4
182.809 747.381
183.375 747.381
183.375 755.062
182.809 755.062
-1
4
111.375 757.527
114.779 757.527
114.779 760.082
111.375 760.082
-1
4
26.039 757.672
37.109 757.672
37.109 758.238
26.039 758.238
-1
4
97.77 760.648
100.32 760.648
100.32 764.048
97.77 764.048
-1
4
188.477 752.641
192.02 752.641
192.02 756.184
188.477 756.184
-1
4
118.746 757.953
185.645 757.953
185.645 758.523
118.746 758.523
-1
4
111.375 764.898
114.779 764.898
114.779 767.449
111.375 767.449
-1
4
123.282 761.781
126.684 761.781
126.684 764.332
123.282 764.332
-1
4
96.637 772.27
100.038 772.27
100.038 774.82
96.637 774.82
-1
4
100.887 720.962
103.441 720.962
103.441 724.363
100.887 724.363
-1
4
122.996 720.962
125.551 720.962
125.551 724.363
122.996 724.363
-1
4
31.297 717.207
34.84 717.207
34.84 720.75
31.297 720.75
-1
4
84.73 717.559
96.066 717.559
96.066 724.363
84.73 724.363
-1
4
188.477 717.207
192.02 717.207
192.02 720.75
188.477 720.75
-1
4
188.477 724.293
192.02 724.293
192.02 727.836
188.477 727.836
-1
6
131.785 729.465
142.273 729.465
142.273 720.68
139.156 720.68
139.156 723.797
131.785 723.797
