-1
4
-0.123 689.326
223.443 689.326
223.443 862.014
-0.123 862.014
-1
4
171.805 714.559
204.707 714.559
204.707 715.129
171.805 715.129
-1
4
112.512 716.426
115.063 716.426
115.063 719.827
112.512 719.827
-1
4
54.93 703.953
98.336 703.953
98.336 704.523
54.93 704.523
-1
4
101.173 717.559
104.574 717.559
104.574 720.113
101.173 720.113
-1
4
118.746 720.68
122.148 720.68
122.148 723.23
118.746 723.23
-1
6
131.785 729.465
142.273 729.465
142.273 720.68
139.156 720.68
139.156 723.797
131.785 723.797
-1
4
158.149 725.781
189.894 725.781
189.894 726.348
158.149 726.348
-1
4
24.211 724.293
27.754 724.293
27.754 727.836
24.211 727.836
-1
4
104.008 728.047
107.408 728.047
107.408 730.602
104.008 730.602
-1
4
112.512 723.797
115.063 723.797
115.063 727.199
112.512 727.199
-1
4
177.141 729.664
177.707 729.664
177.707 732.457
177.141 732.457
-1
4
33.423 732.867
45.043 732.867
45.043 733.434
33.423 733.434
-1
4
108.542 732.301
111.941 732.301
111.941 734.852
108.542 734.852
-1
4
115.913 732.301
119.313 732.301
119.313 734.852
115.913 734.852
-1
4
105.141 738.535
107.691 738.535
107.691 741.939
105.141 741.939
-1
4
43.344 739.457
96.154 739.457
96.154 740.023
43.344 740.023
-1
4
195.566 731.379
199.109 731.379
199.109 734.922
195.566 734.922
-1
4
112.512 738.535
115.063 738.535
115.063 741.939
112.512 741.939
-1
4
24.211 738.465
27.754 738.465
27.754 742.012
24.211 742.012
-1
4
96.637 750.16
100.038 750.16
100.038 752.711
96.637 752.711
-1
4
100.887 743.073
103.441 743.073
103.441 746.473
100.887 746.473
-1
4
42.211 742.789
97.998 742.789
97.998 743.355
42.211 743.355
-1
4
180.543 739.953
189.894 739.953
189.894 740.523
180.543 740.523
-1
4
119.879 738.535
122.43 738.535
122.43 741.939
119.879 741.939
-1
4
181.676 743.5
197.621 743.5
197.621 744.066
181.676 744.066
-1
4
118.746 750.16
122.148 750.16
122.148 752.711
118.746 752.711
-1
4
104.008 757.527
107.408 757.527
107.408 760.082
104.008 760.082
-1
4
31.297 745.555
34.84 745.555
34.84 749.094
31.297 749.094
-1
4
104.008 750.16
107.408 750.16
107.408 752.711
104.008 752.711
-1
4
39.941 747.381
40.508 747.381
40.508 755.629
39.941 755.629
-1
4
112.512 745.906
115.063 745.906
115.063 749.308
112.512 749.308
-1
4
183.941 750.582
197.621 750.582
197.621 751.152
183.941 751.152
-1
4
112.512 753.277
115.063 753.277
115.063 756.679
112.512 756.679
-1
4
117.953 756.395
184.168 756.395
184.168 756.961
117.953 756.961
-1
4
97.77 760.648
100.32 760.648
100.32 764.048
97.77 764.048
-1
4
108.542 761.781
111.941 761.781
111.941 764.332
108.542 764.332
-1
4
115.629 765.182
118.18 765.182
118.18 768.582
115.629 768.582
-1
4
35.406 761.215
35.973 761.215
35.973 772.836
35.406 772.836
