-1
4
-0.123 689.326
223.443 689.326
223.443 862.014
-0.123 862.014
-1
4
105.141 716.426
107.691 716.426
107.691 719.827
105.141 719.827
-1
4
115.629 720.962
118.18 720.962
118.18 724.363
115.629 724.363
-1
4
25.699 715.742
55.496 715.742
55.496 716.309
25.699 716.309
-1
4
97.77 716.426
100.32 716.426
100.32 719.827
97.77 719.827
-1
4
119.879 703.953
168.387 703.953
168.387 704.523
119.879 704.523
-1
4
195.566 717.207
199.109 717.207
199.109 720.75
195.566 720.75
-1
4
127.25 716.426
138.59 716.426
138.59 723.23
127.25 723.23
-1
4
163.836 718.695
189.894 718.695
189.894 719.262
163.836 719.262
-1
4
176.078 708.066
179.621 708.066
179.621 708.632
176.078 708.632
-1
4
81.047 724.93
91.535 724.93
91.535 730.602
81.047 730.602
-1
4
105.141 723.797
107.691 723.797
107.691 727.199
105.141 727.199
-1
4
115.629 728.333
118.18 728.333
118.18 731.734
115.629 731.734
-1
4
31.297 731.379
34.84 731.379
34.84 734.922
31.297 734.922
-1
4
104.008 735.418
107.408 735.418
107.408 737.969
104.008 737.969
-1
4
111.375 735.418
114.779 735.418
114.779 737.969
111.375 737.969
-1
4
129.292 735.277
178.84 735.277
178.84 735.844
129.292 735.844
-1
4
24.211 731.379
27.754 731.379
27.754 734.922
24.211 734.922
-1
4
108.258 743.073
110.809 743.073
110.809 746.473
108.258 746.473
-1
4
115.913 739.672
119.313 739.672
119.313 742.223
115.913 742.223
-1
4
97.77 747.039
103.441 747.039
103.441 752.711
97.77 752.711
-1
4
26.039 743.5
41.305 743.5
41.305 744.066
26.039 744.066
-1
4
97.77 738.535
100.32 738.535
100.32 741.939
97.77 741.939
-1
4
123.282 739.672
126.684 739.672
126.684 742.223
123.282 742.223
-1
4
123.282 747.039
126.684 747.039
126.684 749.594
123.282 749.594
-1
4
39.941 755.402
104.574 755.402
104.574 755.969
39.941 755.969
-1
4
182.809 747.039
189.894 747.039
189.894 747.609
182.809 747.609
-1
4
115.913 747.039
119.313 747.039
119.313 749.594
115.913 749.594
-1
4
115.913 754.41
119.313 754.41
119.313 756.961
115.913 756.961
-1
4
26.039 757.672
37.109 757.672
37.109 758.238
26.039 758.238
-1
4
96.637 764.898
100.038 764.898
100.038 767.449
96.637 767.449
-1
4
105.141 760.648
107.691 760.648
107.691 764.048
105.141 764.048
-1
4
115.913 761.781
119.313 761.781
119.313 764.332
115.913 764.332
-1
4
122.996 765.182
125.551 765.182
125.551 768.582
122.996 768.582
-1
4
101.173 769.152
104.574 769.152
104.574 771.703
101.173 771.703
-1
4
35.746 772.27
97.998 772.27
97.998 772.836
35.746 772.836
-1
4
57.59 777.938
100.887 777.938
100.887 778.504
57.59 778.504
-1
4
78.848 842.129
79.414 842.129
79.414 849.726
78.848 849.726
-1
4
155.879 820.176
171.201 820.176
171.201 820.742
155.879 820.742
