-1
4
-0.123 689.326
223.443 689.326
223.443 862.014
-0.123 862.014
-1
4
188.477 699.488
213.281 699.488
213.281 706.578
188.477 706.578
-1
4
112.512 717.559
118.18 717.559
118.18 723.23
112.512 723.23
-1
4
97.77 717.559
103.441 717.559
103.441 723.23
97.77 723.23
-1
4
122.996 720.962
125.551 720.962
125.551 724.363
122.996 724.363
-1
4
188.477 717.207
192.02 717.207
192.02 720.75
188.477 720.75
-1
4
17.125 710.121
20.668 710.121
20.668 713.664
17.125 713.664
-1
4
181.109 710.121
181.675 710.121
181.675 713.664
181.109 713.664
-1
4
140.289 710.191
160.133 710.191
160.133 729.465
140.289 729.465
-1
4
63.188 711.324
83.031 711.324
83.031 730.602
63.188 730.602
-1
4
105.141 724.93
110.809 724.93
110.809 730.602
105.141 730.602
-1
4
177.141 729.324
197.621 729.324
197.621 729.891
177.141 729.891
-1
4
112.512 732.301
118.18 732.301
118.18 737.969
112.512 737.969
-1
4
178.273 732.867
189.894 732.867
189.894 733.434
178.273 733.434
-1
4
95.926 736.977
102.445 736.977
102.445 737.547
95.926 737.547
-1
4
105.141 739.672
110.809 739.672
110.809 745.34
105.141 745.34
-1
4
179.406 736.41
197.621 736.41
197.621 736.977
179.406 736.977
-1
4
96.637 742.789
100.038 742.789
100.038 745.34
96.637 745.34
-1
4
119.879 739.672
125.551 739.672
125.551 745.34
119.879 745.34
-1
4
122.996 750.442
125.551 750.442
125.551 753.844
122.996 753.844
-1
4
105.141 754.41
110.809 754.41
110.809 760.082
105.141 760.082
-1
4
188.477 745.555
192.02 745.555
192.02 749.094
188.477 749.094
-1
4
112.512 747.039
118.18 747.039
118.18 752.711
112.512 752.711
-1
4
182.809 747.381
183.375 747.381
183.375 755.062
182.809 755.062
-1
4
97.77 761.781
103.441 761.781
103.441 767.449
97.77 767.449
-1
4
31.297 752.641
34.84 752.641
34.84 756.184
31.297 756.184
-1
4
37.676 754.469
38.242 754.469
38.242 759.656
37.676 759.656
-1
4
118.746 757.953
185.645 757.953
185.645 758.523
118.746 758.523
-1
4
112.512 761.781
118.18 761.781
118.18 767.449
112.512 767.449
-1
4
185.418 754.129
189.894 754.129
189.894 754.695
185.418 754.695
-1
4
123.282 761.781
126.684 761.781
126.684 764.332
123.282 764.332
-1
4
96.637 772.27
100.038 772.27
100.038 774.82
96.637 774.82
-1
4
184.004 775.672
185.492 775.672
185.492 776.238
184.004 776.238
-1
4
57.59 778.278
58.156 778.278
58.156 849.726
57.59 849.726
-1
4
68.219 791.262
93.234 791.262
93.234 791.828
68.219 791.828
-1
4
68.219 841.789
79.414 841.789
79.414 842.355
68.219 842.355
-1
4
70.273 801.113
70.839 801.113
70.839 815.851
70.273 815.851
-1
4
100.109 804.656
100.676 804.656
100.676 849.726
100.109 849.726
-1
4
170.973 820.176
171.543 820.176
171.543 842.922
170.973 842.922
-1
4
121.367 842.695
121.934 842.695
121.934 849.726
121.367 849.726
-1
4
167.219 830.594
167.785 830.594
167.785 837.34
167.219 837.34
-1
4
19.251 839.168
25.628 839.168
25.628 839.734
19.251 839.734
-1
4
197.692 839.168
204.069 839.168
204.069 839.734
197.692 839.734
