-1
4
-0.123 689.326
223.443 689.326
223.443 862.014
-0.123 862.014
-1
4
108.258 720.962
110.809 720.962
110.809 724.363
108.258 724.363
-1
4
105.141 703.16
105.707 703.16
105.707 716.879
105.141 716.879
-1
4
202.652 717.207
206.195 717.207
206.195 720.75
202.652 720.75
-1
4
24.211 717.207
27.754 717.207
27.754 720.75
24.211 720.75
-1
4
167.82 715.742
197.621 715.742
197.621 716.309
167.82 716.309
-1
4
119.879 716.426
122.43 716.426
122.43 719.827
119.879 719.827
-1
4
94.367 705.09
94.934 705.09
94.934 720.281
94.367 720.281
-1
4
33.423 718.695
59.484 718.695
59.484 719.262
33.423 719.262
-1
4
126.117 720.68
131.786 720.68
131.786 723.23
126.117 723.23
-1
4
127.59 705.09
164.062 705.09
164.062 705.656
127.59 705.656
-1
4
24.211 710.121
27.754 710.121
27.754 713.664
24.211 713.664
-1
4
195.566 710.121
199.109 710.121
199.109 713.664
195.566 713.664
-1
4
202.652 710.121
206.195 710.121
206.195 713.664
202.652 713.664
-1
4
209.738 710.121
213.281 710.121
213.281 713.664
209.738 713.664
-1
4
131.785 710.191
142.273 710.191
142.273 715.859
131.785 715.859
-1
4
31.297 724.293
34.84 724.293
34.84 727.836
31.297 727.836
-1
6
81.047 720.113
84.164 720.113
84.164 716.992
91.535 716.992
91.535 711.324
81.047 711.324
-1
4
108.258 728.333
110.809 728.333
110.809 731.734
108.258 731.734
-1
4
92.809 730.035
105.368 730.035
105.368 730.602
92.809 730.602
-1
4
195.566 724.293
199.109 724.293
199.109 727.836
195.566 727.836
-1
4
117.953 726.914
130.793 726.914
130.793 727.48
117.953 727.48
-1
4
108.258 735.702
110.809 735.702
110.809 739.105
108.258 739.105
-1
4
128.949 734.285
129.52 734.285
129.52 735.844
128.949 735.844
-1
4
115.629 735.702
118.18 735.702
118.18 739.105
115.629 739.105
-1
4
178.273 733.207
178.84 733.207
178.84 735.504
178.273 735.504
-1
4
95.926 737.319
96.496 737.319
96.496 740.023
95.926 740.023
-1
4
43.344 736.75
43.91 736.75
43.91 739.683
43.344 739.683
-1
4
111.375 742.789
114.779 742.789
114.779 745.34
111.375 745.34
-1
4
41.078 743.5
41.645 743.5
41.645 750.387
41.078 750.387
-1
4
97.77 745.906
100.32 745.906
100.32 749.308
97.77 749.308
-1
4
101.173 739.672
104.574 739.672
104.574 742.223
101.173 742.223
-1
4
118.746 742.789
122.148 742.789
122.148 745.34
118.746 745.34
-1
4
180.543 740.295
181.109 740.295
181.109 741.883
180.543 741.883
-1
4
195.566 738.465
199.109 738.465
199.109 742.012
195.566 742.012
-1
4
105.141 753.277
107.691 753.277
107.691 756.679
105.141 756.679
-1
4
105.141 745.906
107.691 745.906
107.691 749.308
105.141 749.308
-1
4
111.375 750.16
114.779 750.16
114.779 752.711
111.375 752.711
-1
4
117.16 753.277
121.099 753.277
121.099 753.844
117.16 753.844
-1
4
195.566 745.555
199.109 745.555
199.109 749.094
195.566 749.094
-1
4
111.375 757.527
114.779 757.527
114.779 760.082
111.375 760.082
-1
4
24.211 752.641
27.754 752.641
27.754 756.184
24.211 756.184
-1
4
101.173 761.781
104.574 761.781
104.574 764.332
101.173 764.332
-1
4
36.543 758.012
37.109 758.012
37.109 765.126
36.543 765.126
-1
4
33.423 754.129
38.242 754.129
38.242 754.695
33.423 754.695
-1
4
111.375 764.898
114.779 764.898
114.779 767.449
111.375 767.449
-1
4
186.211 757.672
197.621 757.672
197.621 758.238
186.211 758.238
-1
4
119.879 760.648
122.43 760.648
122.43 764.048
119.879 764.048
-1
4
125.323 763.766
186.777 763.766
186.777 764.332
125.323 764.332
-1
4
97.77 768.016
100.32 768.016
100.32 771.419
97.77 771.419
-1
4
46.777 775.672
48.265 775.672
48.265 776.238
46.777 776.238
-1
4
61.695 775.672
63.187 775.672
63.187 776.238
61.695 776.238
-1
4
166.098 775.672
167.594 775.672
167.594 776.238
166.098 776.238
-1
4
178.035 775.672
179.527 775.672
179.527 776.238
178.035 776.238
-1
4
70.273 830.594
70.84 830.594
70.84 837.68
70.273 837.68
