-1
4
-0.123 689.326
223.443 689.326
223.443 862.014
-0.123 862.014
-1
4
188.477 703.742
192.02 703.742
192.02 713.664
188.477 713.664
-1
4
50.945 702.82
51.512 702.82
51.512 714.787
50.945 714.787
-1
4
18.613 714.901
19.18 714.901
19.18 718.624
18.613 718.624
-1
4
104.008 720.68
107.408 720.68
107.408 723.23
104.008 723.23
-1
4
171.805 702.82
172.375 702.82
172.375 714.787
171.805 714.787
-1
4
204.141 714.901
204.707 714.901
204.707 718.624
204.141 718.624
-1
4
111.375 720.68
114.779 720.68
114.779 723.23
111.375 723.23
-1
4
112.512 703.16
113.078 703.16
113.078 716.879
112.512 716.879
-1
4
54.93 704.295
55.496 704.295
55.496 715.969
54.93 715.969
-1
4
25.699 716.082
26.266 716.082
26.266 718.624
25.699 718.624
-1
4
96.637 720.68
100.038 720.68
100.038 723.23
96.637 723.23
-1
4
97.77 704.295
98.336 704.295
98.336 717.787
97.77 717.787
-1
4
167.82 704.295
168.387 704.295
168.387 715.969
167.82 715.969
-1
4
197.055 716.082
197.621 716.082
197.621 718.624
197.055 718.624
-1
4
119.879 704.295
120.445 704.295
120.445 717.787
119.879 717.787
-1
4
58.918 705.09
59.484 705.09
59.484 718.922
58.918 718.922
-1
4
83.598 720.68
89.264 720.68
89.264 724.363
83.598 724.363
-1
4
127.25 705.09
127.816 705.09
127.816 719.148
127.25 719.148
-1
4
163.836 705.09
164.402 705.09
164.402 718.922
163.836 718.922
-1
4
134.054 716.426
139.723 716.426
139.723 720.113
134.054 720.113
-1
4
36.613 708.066
40.156 708.066
40.156 708.632
36.613 708.632
-1
4
19.251 711.609
25.628 711.609
25.628 712.176
19.251 712.176
-1
4
41.645 710.121
42.211 710.121
42.211 713.664
41.645 713.664
-1
4
197.692 711.609
204.069 711.609
204.069 712.176
197.692 712.176
-1
4
33.423 725.781
65.172 725.781
65.172 726.348
33.423 726.348
-1
4
25.699 726.419
26.266 726.419
26.266 729.551
25.699 729.551
-1
4
92.809 730.375
93.375 730.375
93.375 733.59
92.809 733.59
-1
4
111.375 728.047
114.779 728.047
114.779 730.602
111.375 730.602
-1
4
197.055 726.419
197.621 726.419
197.621 729.551
197.055 729.551
-1
4
130.227 727.254
130.793 727.254
130.793 732.457
130.227 732.457
-1
4
105.141 731.168
107.691 731.168
107.691 734.568
105.141 734.568
-1
4
94.367 735.76
94.934 735.76
94.934 736.637
94.367 736.637
-1
4
44.477 733.207
45.043 733.207
45.043 736.637
44.477 736.637
-1
4
25.699 733.505
26.266 733.505
26.266 736.637
25.699 736.637
-1
4
108.542 739.672
111.941 739.672
111.941 742.223
108.542 742.223
-1
4
101.879 737.319
102.445 737.319
102.445 738.763
101.879 738.763
-1
4
197.055 733.505
197.621 733.505
197.621 736.637
197.055 736.637
-1
4
127.676 736.75
128.242 736.75
128.242 738.551
127.676 738.551
-1
4
179.406 736.75
179.973 736.75
179.973 738.551
179.406 738.551
-1
4
115.629 743.073
118.18 743.073
118.18 746.473
115.629 746.473
-1
4
118.746 736.75
119.313 736.75
119.313 740.692
118.746 740.692
-1
4
25.699 740.593
26.266 740.593
26.266 744.066
25.699 744.066
-1
4
101.173 747.039
104.574 747.039
104.574 749.594
101.173 749.594
-1
4
42.211 740.295
42.777 740.295
42.777 743.015
42.211 743.015
-1
4
122.996 743.073
125.551 743.073
125.551 746.473
122.996 746.473
-1
4
197.055 740.593
197.621 740.593
197.621 743.726
197.055 743.726
-1
4
181.676 743.84
182.242 743.84
182.242 749.251
181.676 749.251
-1
4
25.699 747.678
26.266 747.678
26.266 750.81
25.699 750.81
-1
4
108.258 757.813
110.809 757.813
110.809 761.215
108.258 761.215
-1
4
38.809 750.924
39.375 750.924
39.375 757.754
38.809 757.754
-1
4
33.423 747.039
40.508 747.039
40.508 747.609
33.423 747.609
-1
4
108.258 750.442
110.809 750.442
110.809 753.844
108.258 753.844
-1
4
104.008 751.691
104.574 751.691
104.574 755.629
104.008 755.629
-1
4
120.871 753.277
121.441 753.277
121.441 755.402
120.871 755.402
-1
4
183.941 750.924
184.508 750.924
184.508 756.961
183.941 756.961
-1
4
197.055 747.678
197.621 747.678
197.621 750.81
197.055 750.81
-1
4
115.629 757.813
118.18 757.813
118.18 761.215
115.629 761.215
-1
4
25.699 754.767
26.266 754.767
26.266 758.238
25.699 758.238
-1
4
100.887 765.182
103.441 765.182
103.441 768.582
100.887 768.582
-1
4
101.879 759.09
102.445 759.09
102.445 760.875
101.879 760.875
-1
4
108.258 765.182
110.809 765.182
110.809 768.582
108.258 768.582
-1
4
197.055 754.767
197.621 754.767
197.621 757.898
197.055 757.898
-1
4
118.746 764.898
122.148 764.898
122.148 767.449
118.746 767.449
-1
4
186.211 758.012
186.777 758.012
186.777 763.992
186.211 763.992
-1
4
33.423 761.215
35.633 761.215
35.633 761.781
33.423 761.781
-1
4
37.824 775.672
39.316 775.672
39.316 776.238
37.824 776.238
-1
4
43.793 775.672
45.285 775.672
45.285 776.238
43.793 776.238
-1
4
52.742 775.672
54.234 775.672
54.234 776.238
52.742 776.238
-1
4
172.066 775.672
173.558 775.672
173.558 776.238
172.066 776.238
-1
4
181.02 775.672
182.512 775.672
182.512 776.238
181.02 776.238
-1
4
186.988 775.672
188.476 775.672
188.476 776.238
186.988 776.238
-1
4
70.613 837.113
77.359 837.113
77.359 837.68
70.613 837.68
-1
4
31.297 837.68
34.84 837.68
34.84 841.223
31.297 841.223
