-1
4
-0.123 689.326
223.443 689.326
223.443 862.014
-0.123 862.014
-1
4
18.613 714.559
51.512 714.559
51.512 715.129
18.613 715.129
-1
4
17.125 717.207
20.668 717.207
20.668 720.75
17.125 720.75
-1
4
105.141 717.559
110.809 717.559
110.809 723.23
105.141 723.23
-1
4
51.285 702.82
105.707 702.82
105.707 703.387
51.285 703.387
-1
4
112.512 702.82
172.033 702.82
172.033 703.387
112.512 703.387
-1
4
41.645 703.035
42.211 703.035
42.211 706.578
41.645 706.578
-1
4
181.109 703.035
181.675 703.035
181.675 706.578
181.109 706.578
-1
4
119.879 717.559
125.551 717.559
125.551 723.23
119.879 723.23
-1
4
31.297 717.207
34.84 717.207
34.84 720.75
31.297 720.75
-1
4
84.73 717.559
96.066 717.559
96.066 724.363
84.73 724.363
-1
4
43.699 708.066
47.242 708.066
47.242 708.632
43.699 708.632
-1
4
183.164 708.066
186.707 708.066
186.707 708.632
183.164 708.632
-1
4
10.039 710.121
13.578 710.121
13.578 713.664
10.039 713.664
-1
4
188.477 724.293
192.02 724.293
192.02 727.836
188.477 727.836
-1
4
25.699 729.324
46.18 729.324
46.18 729.891
25.699 729.891
-1
4
45.953 733.363
93.375 733.363
93.375 733.93
45.953 733.93
-1
4
112.512 724.93
118.18 724.93
118.18 730.602
112.512 730.602
-1
4
130.227 732.23
177.707 732.23
177.707 732.797
130.227 732.797
-1
4
105.141 732.301
110.809 732.301
110.809 737.969
105.141 737.969
-1
4
44.477 736.41
94.934 736.41
94.934 736.977
44.477 736.977
-1
4
188.477 731.379
192.02 731.379
192.02 734.922
188.477 734.922
-1
4
118.746 736.41
128.242 736.41
128.242 736.977
118.746 736.977
-1
4
112.512 739.672
118.18 739.672
118.18 745.34
112.512 745.34
-1
4
31.297 738.465
34.84 738.465
34.84 742.012
31.297 742.012
-1
4
97.77 739.672
103.441 739.672
103.441 745.34
97.77 745.34
-1
4
188.477 738.465
192.02 738.465
192.02 742.012
188.477 742.012
-1
4
119.879 747.039
125.551 747.039
125.551 752.711
119.879 752.711
-1
4
25.699 750.582
39.375 750.582
39.375 751.152
25.699 751.152
-1
4
105.141 747.039
110.809 747.039
110.809 752.711
105.141 752.711
-1
4
121.213 754.836
183.375 754.836
183.375 755.402
121.213 755.402
-1
4
112.512 754.41
118.18 754.41
118.18 760.082
112.512 760.082
-1
4
105.141 761.781
110.809 761.781
110.809 767.449
105.141 767.449
-1
4
38.016 759.09
102.105 759.09
102.105 759.656
38.016 759.656
-1
4
188.477 752.641
192.02 752.641
192.02 756.184
188.477 756.184
-1
4
119.879 761.781
125.551 761.781
125.551 767.449
119.879 767.449
-1
4
31.297 759.727
34.84 759.727
34.84 763.27
31.297 763.27
-1
4
97.77 769.152
103.441 769.152
103.441 774.82
97.77 774.82
-1
4
34.84 775.672
36.332 775.672
36.332 776.238
34.84 776.238
-1
4
40.809 775.672
42.301 775.672
42.301 776.238
40.809 776.238
-1
4
49.762 775.672
51.25 775.672
51.25 776.238
49.762 776.238
-1
4
55.727 775.672
57.219 775.672
57.219 776.238
55.727 776.238
-1
4
163.117 775.672
164.609 775.672
164.609 776.238
163.117 776.238
-1
4
169.082 775.672
170.574 775.672
170.574 776.238
169.082 776.238
-1
4
56.102 848.309
59.645 848.309
59.645 851.852
56.102 851.852
-1
4
77.359 848.309
80.902 848.309
80.902 851.852
77.359 851.852
-1
4
68.219 791.602
68.785 791.602
68.785 842.015
68.219 842.015
-1
4
167.219 801.113
167.785 801.113
167.785 815.851
167.219 815.851
-1
4
98.621 848.309
102.164 848.309
102.164 851.852
98.621 851.852
-1
4
119.879 848.309
123.422 848.309
123.422 851.852
119.879 851.852
-1
4
121.367 842.355
171.201 842.355
171.201 842.922
121.367 842.922
-1
4
160.699 837.113
167.785 837.113
167.785 837.68
160.699 837.68
-1
4
10.039 837.68
13.578 837.68
13.578 841.223
10.039 841.223
-1
4
17.125 837.68
20.668 837.68
20.668 841.223
17.125 841.223
-1
4
24.211 837.68
27.754 837.68
27.754 841.223
24.211 841.223
-1
4
41.645 837.68
42.211 837.68
42.211 841.223
41.645 841.223
-1
4
181.109 837.68
181.675 837.68
181.675 841.223
181.109 841.223
-1
4
188.477 837.68
192.02 837.68
192.02 841.223
188.477 841.223
-1
4
195.566 837.68
199.109 837.68
199.109 841.223
195.566 841.223
-1
4
202.652 837.68
206.195 837.68
206.195 841.223
202.652 841.223
-1
4
209.738 837.68
213.281 837.68
213.281 841.223
209.738 841.223
-1
4
36.613 842.711
40.156 842.711
40.156 843.277
36.613 843.277
-1
4
43.699 842.711
47.242 842.711
47.242 843.277
43.699 843.277
-1
4
176.078 842.711
179.621 842.711
179.621 843.277
176.078 843.277
-1
4
183.164 842.711
186.707 842.711
186.707 843.277
183.164 843.277
-1
4
41.645 844.766
42.211 844.766
42.211 848.309
41.645 848.309
-1
4
181.109 844.766
181.675 844.766
181.675 848.309
181.109 848.309
