-1
4
-0.123 689.326
223.443 689.326
223.443 862.014
-0.123 862.014
-1
4
108.542 717.559
111.941 717.559
111.941 720.113
108.542 720.113
-1
4
115.913 717.559
119.313 717.559
119.313 720.113
115.913 720.113
-1
4
100.887 720.962
103.441 720.962
103.441 724.363
100.887 724.363
-1
4
123.282 717.559
126.684 717.559
126.684 720.113
123.282 720.113
-1
4
91.532 717.559
97.203 717.559
97.203 720.113
91.532 720.113
-1
4
59.258 705.09
94.594 705.09
94.594 705.656
59.258 705.656
-1
4
108.542 724.93
111.941 724.93
111.941 727.48
108.542 727.48
-1
4
45.613 729.664
46.18 729.664
46.18 733.93
45.613 733.93
-1
4
115.913 724.93
119.313 724.93
119.313 727.48
115.913 727.48
-1
4
94.367 735.418
105.368 735.418
105.368 735.988
94.367 735.988
-1
4
112.512 731.168
115.063 731.168
115.063 734.568
112.512 734.568
-1
4
117.953 734.285
129.177 734.285
129.177 734.852
117.953 734.852
-1
4
25.699 736.41
43.91 736.41
43.91 736.977
25.699 736.977
-1
4
101.879 738.535
106.161 738.535
106.161 739.105
101.879 739.105
-1
4
104.008 742.789
107.408 742.789
107.408 745.34
104.008 745.34
-1
4
127.676 738.324
179.973 738.324
179.973 738.891
127.676 738.891
-1
4
100.887 750.442
103.441 750.442
103.441 753.844
100.887 753.844
-1
4
41.078 750.16
97.998 750.16
97.998 750.727
41.078 750.727
-1
4
33.423 739.953
42.777 739.953
42.777 740.523
33.423 740.523
-1
4
125.323 741.656
181.109 741.656
181.109 742.223
125.323 742.223
-1
4
119.879 745.906
122.43 745.906
122.43 749.308
119.879 749.308
-1
4
125.323 749.023
182.242 749.023
182.242 749.594
125.323 749.594
-1
4
24.211 745.555
27.754 745.555
27.754 749.094
24.211 749.094
-1
4
108.542 754.41
111.941 754.41
111.941 756.961
108.542 756.961
-1
4
38.809 757.527
105.368 757.527
105.368 758.094
38.809 758.094
-1
4
108.542 747.039
111.941 747.039
111.941 749.594
108.542 749.594
-1
4
115.629 750.442
118.18 750.442
118.18 753.844
115.629 753.844
-1
4
36.543 764.898
97.998 764.898
97.998 765.469
36.543 765.469
-1
4
101.879 760.648
106.161 760.648
106.161 761.215
101.879 761.215
-1
4
104.008 764.898
107.408 764.898
107.408 767.449
104.008 767.449
-1
4
185.078 754.129
185.645 754.129
185.645 758.181
185.078 758.181
-1
4
112.512 760.648
115.063 760.648
115.063 764.048
112.512 764.048
-1
4
118.746 758.295
119.313 758.295
119.313 762.801
118.746 762.801
-1
4
195.566 752.641
199.109 752.641
199.109 756.184
195.566 756.184
-1
4
100.887 772.553
103.441 772.553
103.441 775.953
100.887 775.953
-1
4
58.711 775.672
60.203 775.672
60.203 776.238
58.711 776.238
-1
4
160.133 775.672
161.625 775.672
161.625 776.238
160.133 776.238
-1
4
175.051 775.672
176.543 775.672
176.543 776.238
175.051 776.238
