-1
4
-0.123 689.326
223.443 689.326
223.443 862.014
-0.123 862.014
-1
4
125.323 749.023
182.242 749.023
182.242 749.594
125.323 749.594
-1
4
38.809 750.924
39.375 750.924
39.375 757.754
38.809 757.754
-1
4
31.297 745.555
34.84 745.555
34.84 749.094
31.297 749.094
-1
4
111.375 750.16
114.779 750.16
114.779 752.711
111.375 752.711
-1
4
117.16 753.277
121.099 753.277
121.099 753.844
117.16 753.844
-1
4
117.953 756.395
184.168 756.395
184.168 756.961
117.953 756.961
-1
4
101.173 761.781
104.574 761.781
104.574 764.332
101.173 764.332
-1
4
31.297 752.641
34.84 752.641
34.84 756.184
31.297 756.184
-1
4
108.542 761.781
111.941 761.781
111.941 764.332
108.542 764.332
-1
4
115.629 765.182
118.18 765.182
118.18 768.582
115.629 768.582
-1
4
119.879 760.648
122.43 760.648
122.43 764.048
119.879 764.048
-1
4
125.323 763.766
186.777 763.766
186.777 764.332
125.323 764.332
-1
4
35.406 761.215
35.973 761.215
35.973 772.836
35.406 772.836
-1
4
101.173 769.152
104.574 769.152
104.574 771.703
101.173 771.703
-1
4
172.066 775.672
173.558 775.672
173.558 776.238
172.066 776.238
-1
4
186.988 775.672
188.476 775.672
188.476 776.238
186.988 776.238
-1
4
57.59 777.938
100.887 777.938
100.887 778.504
57.59 778.504
-1
4
68.219 791.262
93.234 791.262
93.234 791.828
68.219 791.828
-1
4
18.613 714.559
51.512 714.559
51.512 715.129
18.613 715.129
-1
4
54.93 703.953
98.336 703.953
98.336 704.523
54.93 704.523
-1
4
101.173 717.559
104.574 717.559
104.574 720.113
101.173 720.113
-1
4
119.879 703.953
168.387 703.953
168.387 704.523
119.879 704.523
-1
4
119.879 716.426
122.43 716.426
122.43 719.827
119.879 719.827
-1
4
91.532 717.559
97.203 717.559
97.203 720.113
91.532 720.113
-1
4
126.117 720.68
131.786 720.68
131.786 723.23
126.117 723.23
-1
4
195.566 710.121
199.109 710.121
199.109 713.664
195.566 713.664
-1
4
81.047 724.93
91.535 724.93
91.535 730.602
81.047 730.602
-1
4
25.699 729.324
46.18 729.324
46.18 729.891
25.699 729.891
-1
4
104.008 728.047
107.408 728.047
107.408 730.602
104.008 730.602
-1
4
112.512 723.797
115.063 723.797
115.063 727.199
112.512 727.199
-1
4
117.953 726.914
130.793 726.914
130.793 727.48
117.953 727.48
-1
4
33.423 732.867
45.043 732.867
45.043 733.434
33.423 733.434
-1
4
104.008 735.418
107.408 735.418
107.408 737.969
104.008 737.969
-1
4
112.512 731.168
115.063 731.168
115.063 734.568
112.512 734.568
-1
4
178.273 733.207
178.84 733.207
178.84 735.504
178.273 735.504
-1
4
117.953 734.285
129.177 734.285
129.177 734.852
117.953 734.852
-1
4
108.258 743.073
110.809 743.073
110.809 746.473
108.258 746.473
-1
4
195.566 731.379
199.109 731.379
199.109 734.922
195.566 734.922
-1
4
115.913 739.672
119.313 739.672
119.313 742.223
115.913 742.223
-1
4
100.887 750.442
103.441 750.442
103.441 753.844
100.887 753.844
-1
4
33.423 739.953
42.777 739.953
42.777 740.523
33.423 740.523
-1
4
100.887 743.073
103.441 743.073
103.441 746.473
100.887 746.473
-1
4
42.211 742.789
97.998 742.789
97.998 743.355
42.211 743.355
-1
4
180.543 739.953
189.894 739.953
189.894 740.523
180.543 740.523
-1
4
123.282 739.672
126.684 739.672
126.684 742.223
123.282 742.223
-1
4
119.879 745.906
122.43 745.906
122.43 749.308
119.879 749.308
