-1
4
-0.123 689.326
223.443 689.326
223.443 862.014
-0.123 862.014
-1
4
123.282 747.039
126.684 747.039
126.684 749.594
123.282 749.594
-1
4
25.699 750.582
39.375 750.582
39.375 751.152
25.699 751.152
-1
4
108.542 754.41
111.941 754.41
111.941 756.961
108.542 756.961
-1
4
38.809 757.527
105.368 757.527
105.368 758.094
38.809 758.094
-1
4
104.008 750.16
107.408 750.16
107.408 752.711
104.008 752.711
-1
4
188.477 745.555
192.02 745.555
192.02 749.094
188.477 749.094
-1
4
115.913 747.039
119.313 747.039
119.313 749.594
115.913 749.594
-1
4
182.809 747.381
183.375 747.381
183.375 755.062
182.809 755.062
-1
4
115.913 754.41
119.313 754.41
119.313 756.961
115.913 756.961
-1
4
96.637 764.898
100.038 764.898
100.038 767.449
96.637 767.449
-1
4
105.141 760.648
107.691 760.648
107.691 764.048
105.141 764.048
-1
4
112.512 760.648
115.063 760.648
115.063 764.048
112.512 764.048
-1
4
186.211 757.672
197.621 757.672
197.621 758.238
186.211 758.238
-1
4
122.996 765.182
125.551 765.182
125.551 768.582
122.996 768.582
-1
4
35.746 772.27
97.998 772.27
97.998 772.836
35.746 772.836
-1
4
43.793 775.672
45.285 775.672
45.285 776.238
43.793 776.238
-1
4
58.711 775.672
60.203 775.672
60.203 776.238
58.711 776.238
-1
4
163.117 775.672
164.609 775.672
164.609 776.238
163.117 776.238
-1
4
169.082 775.672
170.574 775.672
170.574 776.238
169.082 776.238
-1
4
57.59 778.278
58.156 778.278
58.156 849.726
57.59 849.726
-1
4
68.219 791.602
68.785 791.602
68.785 842.015
68.219 842.015
-1
4
121.367 842.355
171.201 842.355
171.201 842.922
121.367 842.922
-1
4
104.008 720.68
107.408 720.68
107.408 723.23
104.008 723.23
-1
4
112.512 716.426
115.063 716.426
115.063 719.827
112.512 719.827
-1
4
96.637 720.68
100.038 720.68
100.038 723.23
96.637 723.23
-1
4
167.82 715.742
197.621 715.742
197.621 716.309
167.82 716.309
-1
4
59.258 705.09
94.594 705.09
94.594 705.656
59.258 705.656
-1
4
127.25 716.426
138.59 716.426
138.59 723.23
127.25 723.23
-1
6
81.047 720.113
84.164 720.113
84.164 716.992
91.535 716.992
91.535 711.324
81.047 711.324
-1
4
108.542 724.93
111.941 724.93
111.941 727.48
108.542 727.48
-1
4
45.953 733.363
93.375 733.363
93.375 733.93
45.953 733.93
-1
4
177.141 729.324
197.621 729.324
197.621 729.891
177.141 729.891
-1
4
115.913 724.93
119.313 724.93
119.313 727.48
115.913 727.48
-1
4
108.258 735.702
110.809 735.702
110.809 739.105
108.258 739.105
-1
4
178.273 732.867
189.894 732.867
189.894 733.434
178.273 733.434
-1
4
115.913 732.301
119.313 732.301
119.313 734.852
115.913 734.852
-1
4
25.699 736.41
43.91 736.41
43.91 736.977
25.699 736.977
-1
4
95.926 737.319
96.496 737.319
96.496 740.023
95.926 740.023
-1
4
101.879 738.535
106.161 738.535
106.161 739.105
101.879 739.105
-1
4
104.008 742.789
107.408 742.789
107.408 745.34
104.008 745.34
-1
4
179.406 736.41
197.621 736.41
197.621 736.977
179.406 736.977
-1
4
127.676 736.75
128.242 736.75
128.242 738.551
127.676 738.551
-1
4
111.375 742.789
114.779 742.789
114.779 745.34
111.375 745.34
-1
4
96.637 750.16
100.038 750.16
100.038 752.711
96.637 752.711
-1
4
26.039 743.5
41.305 743.5
41.305 744.066
26.039 744.066
-1
4
96.637 742.789
100.038 742.789
100.038 745.34
96.637 745.34
-1
4
119.879 738.535
122.43 738.535
122.43 741.939
119.879 741.939
