-1
4
-0.123 689.326
223.443 689.326
223.443 862.014
-0.123 862.014
-1
4
24.211 745.555
27.754 745.555
27.754 749.094
24.211 749.094
-1
4
108.258 757.813
110.809 757.813
110.809 761.215
108.258 761.215
-1
4
33.423 747.039
40.508 747.039
40.508 747.609
33.423 747.609
-1
4
108.542 747.039
111.941 747.039
111.941 749.594
108.542 749.594
-1
4
104.008 751.691
104.574 751.691
104.574 755.629
104.008 755.629
-1
4
120.871 753.277
121.441 753.277
121.441 755.402
120.871 755.402
-1
4
182.809 747.039
189.894 747.039
189.894 747.609
182.809 747.609
-1
4
112.512 753.277
115.063 753.277
115.063 756.679
112.512 756.679
-1
4
26.039 757.672
37.109 757.672
37.109 758.238
26.039 758.238
-1
4
36.543 764.898
97.998 764.898
97.998 765.469
36.543 765.469
-1
4
101.879 760.648
106.161 760.648
106.161 761.215
101.879 761.215
-1
4
104.008 764.898
107.408 764.898
107.408 767.449
104.008 767.449
-1
4
185.078 754.129
185.645 754.129
185.645 758.181
185.078 758.181
-1
4
115.913 761.781
119.313 761.781
119.313 764.332
115.913 764.332
-1
4
33.423 761.215
35.633 761.215
35.633 761.781
33.423 761.781
-1
4
97.77 768.016
100.32 768.016
100.32 771.419
97.77 771.419
-1
4
37.824 775.672
39.316 775.672
39.316 776.238
37.824 776.238
-1
4
55.727 775.672
57.219 775.672
57.219 776.238
55.727 776.238
-1
4
160.133 775.672
161.625 775.672
161.625 776.238
160.133 776.238
-1
4
181.02 775.672
182.512 775.672
182.512 776.238
181.02 776.238
-1
4
68.219 841.789
79.414 841.789
79.414 842.355
68.219 842.355
-1
4
77.359 848.309
80.902 848.309
80.902 851.852
77.359 851.852
-1
4
98.621 848.309
102.164 848.309
102.164 851.852
98.621 851.852
-1
4
170.973 820.176
171.543 820.176
171.543 842.922
170.973 842.922
-1
4
119.879 848.309
123.422 848.309
123.422 851.852
119.879 851.852
-1
4
70.273 830.594
70.84 830.594
70.84 837.68
70.273 837.68
-1
4
160.699 837.113
167.785 837.113
167.785 837.68
160.699 837.68
-1
4
17.125 837.68
20.668 837.68
20.668 841.223
17.125 841.223
-1
4
24.211 837.68
27.754 837.68
27.754 841.223
24.211 841.223
-1
4
195.566 837.68
199.109 837.68
199.109 841.223
195.566 841.223
-1
4
202.652 837.68
206.195 837.68
206.195 841.223
202.652 841.223
-1
4
17.125 717.207
20.668 717.207
20.668 720.75
17.125 720.75
-1
4
108.542 717.559
111.941 717.559
111.941 720.113
108.542 720.113
-1
4
171.805 714.559
204.707 714.559
204.707 715.129
171.805 715.129
-1
4
115.913 717.559
119.313 717.559
119.313 720.113
115.913 720.113
-1
4
24.211 717.207
27.754 717.207
27.754 720.75
24.211 720.75
-1
4
97.77 716.426
100.32 716.426
100.32 719.827
97.77 719.827
-1
4
123.282 717.559
126.684 717.559
126.684 720.113
123.282 720.113
-1
4
33.423 718.695
59.484 718.695
59.484 719.262
33.423 719.262
-1
4
163.836 705.09
164.402 705.09
164.402 718.922
163.836 718.922
-1
4
183.164 708.066
186.707 708.066
186.707 708.632
183.164 708.632
-1
4
17.125 710.121
20.668 710.121
20.668 713.664
17.125 713.664
-1
4
24.211 710.121
27.754 710.121
27.754 713.664
24.211 713.664
-1
4
131.785 710.191
142.273 710.191
142.273 715.859
131.785 715.859
-1
4
24.211 724.293
27.754 724.293
27.754 727.836
24.211 727.836
-1
4
105.141 723.797
107.691 723.797
107.691 727.199
105.141 727.199
-1
4
92.809 730.035
105.368 730.035
105.368 730.602
92.809 730.602
-1
4
108.542 732.301
111.941 732.301
111.941 734.852
108.542 734.852
-1
4
94.367 735.418
105.368 735.418
105.368 735.988
94.367 735.988
-1
4
44.477 733.207
45.043 733.207
45.043 736.637
44.477 736.637
-1
4
128.949 734.285
129.52 734.285
129.52 735.844
128.949 735.844
-1
4
115.629 735.702
118.18 735.702
118.18 739.105
115.629 739.105
-1
4
108.542 739.672
111.941 739.672
111.941 742.223
108.542 742.223
-1
4
179.406 736.75
179.973 736.75
179.973 738.551
179.406 738.551
-1
4
24.211 738.465
27.754 738.465
27.754 742.012
24.211 742.012
-1
4
41.078 750.16
97.998 750.16
97.998 750.727
41.078 750.727
-1
4
101.173 739.672
104.574 739.672
104.574 742.223
101.173 742.223
-1
4
42.211 740.295
42.777 740.295
42.777 743.015
42.211 743.015
-1
4
118.746 742.789
122.148 742.789
122.148 745.34
118.746 745.34
-1
4
125.323 741.656
181.109 741.656
181.109 742.223
125.323 742.223
