-1
4
-0.123 689.326
223.443 689.326
223.443 862.014
-0.123 862.014
-1
4
105.141 747.039
110.809 747.039
110.809 752.711
105.141 752.711
-1
4
39.941 755.402
104.574 755.402
104.574 755.969
39.941 755.969
-1
4
121.213 754.836
183.375 754.836
183.375 755.402
121.213 755.402
-1
4
195.566 745.555
199.109 745.555
199.109 749.094
195.566 749.094
-1
4
112.512 754.41
118.18 754.41
118.18 760.082
112.512 760.082
-1
4
24.211 752.641
27.754 752.641
27.754 756.184
24.211 756.184
-1
4
105.141 761.781
110.809 761.781
110.809 767.449
105.141 767.449
-1
4
38.016 759.09
102.105 759.09
102.105 759.656
38.016 759.656
-1
4
188.477 752.641
192.02 752.641
192.02 756.184
188.477 756.184
-1
4
119.879 761.781
125.551 761.781
125.551 767.449
119.879 767.449
-1
4
97.77 769.152
103.441 769.152
103.441 774.82
97.77 774.82
-1
4
188.477 699.488
213.281 699.488
213.281 706.578
188.477 706.578
-1
4
105.141 717.559
110.809 717.559
110.809 723.23
105.141 723.23
-1
4
195.566 717.207
199.109 717.207
199.109 720.75
195.566 720.75
-1
4
119.879 717.559
125.551 717.559
125.551 723.23
119.879 723.23
-1
4
188.477 717.207
192.02 717.207
192.02 720.75
188.477 720.75
-1
4
176.078 708.066
179.621 708.066
179.621 708.632
176.078 708.632
-1
4
202.652 710.121
206.195 710.121
206.195 713.664
202.652 713.664
-1
4
140.289 710.191
160.133 710.191
160.133 729.465
140.289 729.465
-1
4
188.477 724.293
192.02 724.293
192.02 727.836
188.477 727.836
-1
4
63.188 711.324
83.031 711.324
83.031 730.602
63.188 730.602
-1
4
195.566 724.293
199.109 724.293
199.109 727.836
195.566 727.836
-1
4
112.512 724.93
118.18 724.93
118.18 730.602
112.512 730.602
-1
4
105.141 732.301
110.809 732.301
110.809 737.969
105.141 737.969
-1
4
188.477 731.379
192.02 731.379
192.02 734.922
188.477 734.922
-1
4
24.211 731.379
27.754 731.379
27.754 734.922
24.211 734.922
-1
4
95.926 736.977
102.445 736.977
102.445 737.547
95.926 737.547
-1
4
118.746 736.41
128.242 736.41
128.242 736.977
118.746 736.977
-1
4
112.512 739.672
118.18 739.672
118.18 745.34
112.512 745.34
-1
4
97.77 739.672
103.441 739.672
103.441 745.34
97.77 745.34
-1
4
188.477 738.465
192.02 738.465
192.02 742.012
188.477 742.012
-1
4
195.566 738.465
199.109 738.465
199.109 742.012
195.566 742.012
-1
4
119.879 747.039
125.551 747.039
125.551 752.711
119.879 752.711
