-1
4
-0.123 689.326
223.443 689.326
223.443 862.014
-0.123 862.014
-1
4
122.996 750.442
125.551 750.442
125.551 753.844
122.996 753.844
-1
4
104.008 757.527
107.408 757.527
107.408 760.082
104.008 760.082
-1
4
108.258 750.442
110.809 750.442
110.809 753.844
108.258 753.844
-1
4
39.941 747.381
40.508 747.381
40.508 755.629
39.941 755.629
-1
4
115.629 750.442
118.18 750.442
118.18 753.844
115.629 753.844
-1
4
97.77 760.648
100.32 760.648
100.32 764.048
97.77 764.048
-1
4
118.746 757.953
185.645 757.953
185.645 758.523
118.746 758.523
-1
4
112.512 761.781
118.18 761.781
118.18 767.449
112.512 767.449
-1
4
185.418 754.129
189.894 754.129
189.894 754.695
185.418 754.695
-1
4
195.566 752.641
199.109 752.641
199.109 756.184
195.566 756.184
-1
4
31.297 759.727
34.84 759.727
34.84 763.27
31.297 763.27
-1
4
96.637 772.27
100.038 772.27
100.038 774.82
96.637 774.82
-1
4
34.84 775.672
36.332 775.672
36.332 776.238
34.84 776.238
-1
4
49.762 775.672
51.25 775.672
51.25 776.238
49.762 776.238
-1
4
178.035 775.672
179.527 775.672
179.527 776.238
178.035 776.238
-1
4
56.102 848.309
59.645 848.309
59.645 851.852
56.102 851.852
-1
4
51.285 702.82
105.707 702.82
105.707 703.387
51.285 703.387
-1
4
108.258 720.962
110.809 720.962
110.809 724.363
108.258 724.363
-1
4
202.652 717.207
206.195 717.207
206.195 720.75
202.652 720.75
-1
4
115.629 720.962
118.18 720.962
118.18 724.363
115.629 724.363
-1
4
25.699 715.742
55.496 715.742
55.496 716.309
25.699 716.309
-1
4
97.77 717.559
103.441 717.559
103.441 723.23
97.77 723.23
-1
4
122.996 720.962
125.551 720.962
125.551 724.363
122.996 724.363
-1
4
127.59 705.09
164.062 705.09
164.062 705.656
127.59 705.656
-1
4
181.109 710.121
181.675 710.121
181.675 713.664
181.109 713.664
-1
4
31.297 724.293
34.84 724.293
34.84 727.836
31.297 727.836
-1
4
130.227 732.23
177.707 732.23
177.707 732.797
130.227 732.797
-1
4
111.375 728.047
114.779 728.047
114.779 730.602
111.375 730.602
-1
4
105.141 731.168
107.691 731.168
107.691 734.568
105.141 734.568
-1
4
111.375 735.418
114.779 735.418
114.779 737.969
111.375 737.969
-1
4
105.141 738.535
107.691 738.535
107.691 741.939
105.141 741.939
-1
4
127.676 738.324
179.973 738.324
179.973 738.891
127.676 738.891
-1
4
115.629 743.073
118.18 743.073
118.18 746.473
115.629 746.473
-1
4
101.173 747.039
104.574 747.039
104.574 749.594
101.173 749.594
-1
4
97.77 738.535
100.32 738.535
100.32 741.939
97.77 741.939
-1
4
181.676 743.5
197.621 743.5
197.621 744.066
181.676 744.066
