-1
4
-0.123 689.326
223.443 689.326
223.443 862.014
-0.123 862.014
-1
4
105.141 754.41
110.809 754.41
110.809 760.082
105.141 760.082
-1
4
112.512 747.039
118.18 747.039
118.18 752.711
112.512 752.711
-1
4
183.941 750.582
197.621 750.582
197.621 751.152
183.941 751.152
-1
4
115.629 757.813
118.18 757.813
118.18 761.215
115.629 761.215
-1
4
97.77 761.781
103.441 761.781
103.441 767.449
97.77 767.449
-1
4
37.676 754.469
38.242 754.469
38.242 759.656
37.676 759.656
-1
4
108.258 765.182
110.809 765.182
110.809 768.582
108.258 768.582
-1
4
123.282 761.781
126.684 761.781
126.684 764.332
123.282 764.332
-1
4
100.887 772.553
103.441 772.553
103.441 775.953
100.887 775.953
-1
4
61.695 775.672
63.187 775.672
63.187 776.238
61.695 776.238
-1
4
105.141 716.426
107.691 716.426
107.691 719.827
105.141 719.827
-1
4
112.512 717.559
118.18 717.559
118.18 723.23
112.512 723.23
-1
4
112.512 702.82
172.033 702.82
172.033 703.387
112.512 703.387
-1
4
31.297 717.207
34.84 717.207
34.84 720.75
31.297 720.75
-1
4
84.73 717.559
96.066 717.559
96.066 724.363
84.73 724.363
-1
4
163.836 718.695
189.894 718.695
189.894 719.262
163.836 719.262
-1
6
131.785 729.465
142.273 729.465
142.273 720.68
139.156 720.68
139.156 723.797
131.785 723.797
-1
4
105.141 724.93
110.809 724.93
110.809 730.602
105.141 730.602
-1
4
31.297 731.379
34.84 731.379
34.84 734.922
31.297 734.922
-1
4
44.477 736.41
94.934 736.41
94.934 736.977
44.477 736.977
-1
4
112.512 732.301
118.18 732.301
118.18 737.969
112.512 737.969
-1
4
129.292 735.277
178.84 735.277
178.84 735.844
129.292 735.844
-1
4
105.141 739.672
110.809 739.672
110.809 745.34
105.141 745.34
-1
4
43.344 739.457
96.154 739.457
96.154 740.023
43.344 740.023
-1
4
97.77 747.039
103.441 747.039
103.441 752.711
97.77 752.711
-1
4
31.297 738.465
34.84 738.465
34.84 742.012
31.297 742.012
-1
4
119.879 739.672
125.551 739.672
125.551 745.34
119.879 745.34
