-1
4
-0.123 689.326
223.443 689.326
223.443 862.014
-0.123 862.014
-1
4
101.173 769.152
104.574 769.152
104.574 771.703
101.173 771.703
-1
4
35.746 772.27
97.998 772.27
97.998 772.836
35.746 772.836
-1
4
43.793 775.672
45.285 775.672
45.285 776.238
43.793 776.238
-1
4
49.762 775.672
51.25 775.672
51.25 776.238
49.762 776.238
-1
4
160.133 775.672
161.625 775.672
161.625 776.238
160.133 776.238
-1
4
172.066 775.672
173.558 775.672
173.558 776.238
172.066 776.238
-1
4
100.109 804.656
100.676 804.656
100.676 849.726
100.109 849.726
-1
4
70.273 830.594
70.84 830.594
70.84 837.68
70.273 837.68
-1
4
115.629 765.182
118.18 765.182
118.18 768.582
115.629 768.582
-1
4
185.418 754.129
189.894 754.129
189.894 754.695
185.418 754.695
-1
4
119.879 760.648
122.43 760.648
122.43 764.048
119.879 764.048
-1
4
123.282 747.039
126.684 747.039
126.684 749.594
123.282 749.594
-1
4
104.008 757.527
107.408 757.527
107.408 760.082
104.008 760.082
-1
4
104.008 750.16
107.408 750.16
107.408 752.711
104.008 752.711
-1
4
188.477 745.555
192.02 745.555
192.02 749.094
188.477 749.094
-1
4
115.913 747.039
119.313 747.039
119.313 749.594
115.913 749.594
-1
4
115.913 754.41
119.313 754.41
119.313 756.961
115.913 756.961
-1
4
96.637 764.898
100.038 764.898
100.038 767.449
96.637 767.449
-1
4
37.676 754.469
38.242 754.469
38.242 759.656
37.676 759.656
-1
4
108.542 761.781
111.941 761.781
111.941 764.332
108.542 764.332
-1
4
108.258 728.333
110.809 728.333
110.809 731.734
108.258 731.734
-1
4
177.141 729.324
197.621 729.324
197.621 729.891
177.141 729.891
-1
4
115.913 724.93
119.313 724.93
119.313 727.48
115.913 727.48
-1
4
115.913 732.301
119.313 732.301
119.313 734.852
115.913 734.852
-1
4
129.292 735.277
178.84 735.277
178.84 735.844
129.292 735.844
-1
4
25.699 736.41
43.91 736.41
43.91 736.977
25.699 736.977
-1
4
105.141 739.672
110.809 739.672
110.809 745.34
105.141 745.34
-1
4
115.913 739.672
119.313 739.672
119.313 742.223
115.913 742.223
-1
4
96.637 750.16
100.038 750.16
100.038 752.711
96.637 752.711
-1
4
96.637 742.789
100.038 742.789
100.038 745.34
96.637 745.34
-1
4
180.543 739.953
189.894 739.953
189.894 740.523
180.543 740.523
-1
4
123.282 739.672
126.684 739.672
126.684 742.223
123.282 742.223
-1
4
108.258 720.962
110.809 720.962
110.809 724.363
108.258 724.363
-1
4
171.805 714.559
204.707 714.559
204.707 715.129
171.805 715.129
-1
4
112.512 716.426
115.063 716.426
115.063 719.827
112.512 719.827
-1
4
97.77 717.559
103.441 717.559
103.441 723.23
97.77 723.23
-1
4
122.996 720.962
125.551 720.962
125.551 724.363
122.996 724.363
-1
4
83.598 720.68
89.264 720.68
89.264 724.363
83.598 724.363
-1
4
59.258 705.09
94.594 705.09
94.594 705.656
59.258 705.656
-1
4
163.836 718.695
189.894 718.695
189.894 719.262
163.836 719.262
-1
4
183.164 708.066
186.707 708.066
186.707 708.632
183.164 708.632
