-1
4
-0.123 689.326
223.443 689.326
223.443 862.014
-0.123 862.014
-1
4
167.219 830.594
167.785 830.594
167.785 837.34
167.219 837.34
-1
4
19.251 839.168
25.628 839.168
25.628 839.734
19.251 839.734
-1
4
197.692 839.168
204.069 839.168
204.069 839.734
197.692 839.734
-1
4
122.996 765.182
125.551 765.182
125.551 768.582
122.996 768.582
-1
4
186.211 758.012
186.777 758.012
186.777 763.992
186.211 763.992
-1
4
78.848 842.129
79.414 842.129
79.414 849.726
78.848 849.726
-1
4
155.879 820.176
171.201 820.176
171.201 820.742
155.879 820.742
-1
4
121.367 842.695
121.934 842.695
121.934 849.726
121.367 849.726
-1
4
111.375 764.898
114.779 764.898
114.779 767.449
111.375 767.449
-1
4
118.746 758.295
119.313 758.295
119.313 762.801
118.746 762.801
-1
4
119.879 745.906
122.43 745.906
122.43 749.308
119.879 749.308
-1
4
181.676 743.84
182.242 743.84
182.242 749.251
181.676 749.251
-1
4
25.699 747.678
26.266 747.678
26.266 750.81
25.699 750.81
-1
4
108.258 757.813
110.809 757.813
110.809 761.215
108.258 761.215
-1
4
108.258 750.442
110.809 750.442
110.809 753.844
108.258 753.844
-1
4
104.008 751.691
104.574 751.691
104.574 755.629
104.008 755.629
-1
4
120.871 753.277
121.441 753.277
121.441 755.402
120.871 755.402
-1
4
183.941 750.924
184.508 750.924
184.508 756.961
183.941 756.961
-1
4
25.699 754.767
26.266 754.767
26.266 758.238
25.699 758.238
-1
4
100.887 765.182
103.441 765.182
103.441 768.582
100.887 768.582
-1
4
36.543 758.012
37.109 758.012
37.109 765.126
36.543 765.126
-1
4
33.423 754.129
38.242 754.129
38.242 754.695
33.423 754.695
-1
4
101.879 759.09
102.445 759.09
102.445 760.875
101.879 760.875
-1
4
25.699 726.419
26.266 726.419
26.266 729.551
25.699 729.551
-1
4
92.809 730.375
93.375 730.375
93.375 733.59
92.809 733.59
-1
4
111.375 728.047
114.779 728.047
114.779 730.602
111.375 730.602
-1
4
105.141 731.168
107.691 731.168
107.691 734.568
105.141 734.568
-1
4
94.367 735.76
94.934 735.76
94.934 736.637
94.367 736.637
-1
4
128.949 734.285
129.52 734.285
129.52 735.844
128.949 735.844
-1
4
178.273 733.207
178.84 733.207
178.84 735.504
178.273 735.504
-1
4
25.699 733.505
26.266 733.505
26.266 736.637
25.699 736.637
-1
4
43.344 736.75
43.91 736.75
43.91 739.683
43.344 739.683
-1
4
108.258 743.073
110.809 743.073
110.809 746.473
108.258 746.473
-1
4
101.879 737.319
102.445 737.319
102.445 738.763
101.879 738.763
-1
4
112.512 738.535
115.063 738.535
115.063 741.939
112.512 741.939
-1
4
118.746 736.75
119.313 736.75
119.313 740.692
118.746 740.692
-1
4
25.699 740.593
26.266 740.593
26.266 744.066
25.699 744.066
-1
4
41.078 743.5
41.645 743.5
41.645 750.387
41.078 750.387
-1
4
101.173 747.039
104.574 747.039
104.574 749.594
101.173 749.594
-1
4
180.543 740.295
181.109 740.295
181.109 741.883
180.543 741.883
-1
4
18.613 714.901
19.18 714.901
19.18 718.624
18.613 718.624
-1
4
171.805 702.82
172.375 702.82
172.375 714.787
171.805 714.787
-1
4
111.375 720.68
114.779 720.68
114.779 723.23
111.375 723.23
-1
4
41.645 703.035
42.211 703.035
42.211 706.578
41.645 706.578
-1
4
54.93 704.295
55.496 704.295
55.496 715.969
54.93 715.969
-1
4
25.699 716.082
26.266 716.082
26.266 718.624
25.699 718.624
-1
4
96.637 720.68
100.038 720.68
100.038 723.23
96.637 723.23
-1
4
97.77 704.295
98.336 704.295
98.336 717.787
97.77 717.787
-1
4
167.82 704.295
168.387 704.295
168.387 715.969
167.82 715.969
-1
4
118.746 720.68
122.148 720.68
122.148 723.23
118.746 723.23
-1
4
119.879 704.295
120.445 704.295
120.445 717.787
119.879 717.787
-1
4
58.918 705.09
59.484 705.09
59.484 718.922
58.918 718.922
-1
4
127.25 705.09
127.816 705.09
127.816 719.148
127.25 719.148
-1
4
163.836 705.09
164.402 705.09
164.402 718.922
163.836 718.922
-1
4
43.699 708.066
47.242 708.066
47.242 708.632
43.699 708.632
-1
4
10.039 710.121
13.578 710.121
13.578 713.664
10.039 713.664
-1
4
19.251 711.609
25.628 711.609
25.628 712.176
19.251 712.176
-1
4
41.645 710.121
42.211 710.121
42.211 713.664
41.645 713.664
-1
4
33.423 725.781
65.172 725.781
65.172 726.348
33.423 726.348
