-1
4
-0.123 689.326
223.443 689.326
223.443 862.014
-0.123 862.014
-1
4
17.125 837.68
20.668 837.68
20.668 841.223
17.125 841.223
-1
4
24.211 837.68
27.754 837.68
27.754 841.223
24.211 841.223
-1
4
195.566 837.68
199.109 837.68
199.109 841.223
195.566 841.223
-1
4
202.652 837.68
206.195 837.68
206.195 841.223
202.652 841.223
-1
4
33.423 761.215
35.633 761.215
35.633 761.781
33.423 761.781
-1
4
37.824 775.672
39.316 775.672
39.316 776.238
37.824 776.238
-1
4
57.59 777.938
100.887 777.938
100.887 778.504
57.59 778.504
-1
4
68.219 841.789
79.414 841.789
79.414 842.355
68.219 842.355
-1
4
77.359 848.309
80.902 848.309
80.902 851.852
77.359 851.852
-1
4
170.973 820.176
171.543 820.176
171.543 842.922
170.973 842.922
-1
4
119.879 848.309
123.422 848.309
123.422 851.852
119.879 851.852
-1
4
70.613 837.113
77.359 837.113
77.359 837.68
70.613 837.68
-1
4
160.699 837.113
167.785 837.113
167.785 837.68
160.699 837.68
-1
4
112.512 760.648
115.063 760.648
115.063 764.048
112.512 764.048
-1
4
118.746 764.898
122.148 764.898
122.148 767.449
118.746 767.449
-1
4
108.258 765.182
110.809 765.182
110.809 768.582
108.258 768.582
-1
4
24.211 745.555
27.754 745.555
27.754 749.094
24.211 749.094
-1
4
38.809 750.924
39.375 750.924
39.375 757.754
38.809 757.754
-1
4
33.423 747.039
40.508 747.039
40.508 747.609
33.423 747.609
-1
4
105.141 745.906
107.691 745.906
107.691 749.308
105.141 749.308
-1
4
112.512 745.906
115.063 745.906
115.063 749.308
112.512 749.308
-1
4
117.16 753.277
121.099 753.277
121.099 753.844
117.16 753.844
-1
4
112.512 753.277
115.063 753.277
115.063 756.679
112.512 756.679
-1
4
117.953 756.395
184.168 756.395
184.168 756.961
117.953 756.961
-1
4
24.211 752.641
27.754 752.641
27.754 756.184
24.211 756.184
-1
4
101.173 761.781
104.574 761.781
104.574 764.332
101.173 764.332
-1
4
36.543 764.898
97.998 764.898
97.998 765.469
36.543 765.469
-1
4
31.297 752.641
34.84 752.641
34.84 756.184
31.297 756.184
-1
4
108.542 724.93
111.941 724.93
111.941 727.48
108.542 727.48
-1
4
130.227 727.254
130.793 727.254
130.793 732.457
130.227 732.457
-1
4
108.542 732.301
111.941 732.301
111.941 734.852
108.542 734.852
-1
4
94.367 735.418
105.368 735.418
105.368 735.988
94.367 735.988
-1
4
44.477 733.207
45.043 733.207
45.043 736.637
44.477 736.637
-1
4
178.273 732.867
189.894 732.867
189.894 733.434
178.273 733.434
-1
4
115.629 735.702
118.18 735.702
118.18 739.105
115.629 739.105
-1
4
108.542 739.672
111.941 739.672
111.941 742.223
108.542 742.223
-1
4
179.406 736.75
179.973 736.75
179.973 738.551
179.406 738.551
-1
4
100.887 750.442
103.441 750.442
103.441 753.844
100.887 753.844
-1
4
101.173 739.672
104.574 739.672
104.574 742.223
101.173 742.223
-1
4
42.211 740.295
42.777 740.295
42.777 743.015
42.211 743.015
-1
4
122.996 743.073
125.551 743.073
125.551 746.473
122.996 746.473
-1
4
188.477 703.742
192.02 703.742
192.02 713.664
188.477 713.664
-1
4
50.945 702.82
51.512 702.82
51.512 714.787
50.945 714.787
-1
4
104.008 720.68
107.408 720.68
107.408 723.23
104.008 723.23
-1
4
105.141 703.16
105.707 703.16
105.707 716.879
105.141 716.879
-1
4
115.629 720.962
118.18 720.962
118.18 724.363
115.629 724.363
-1
4
24.211 717.207
27.754 717.207
27.754 720.75
24.211 720.75
-1
4
97.77 716.426
100.32 716.426
100.32 719.827
97.77 719.827
-1
4
119.879 703.953
168.387 703.953
168.387 704.523
119.879 704.523
-1
4
119.879 716.426
122.43 716.426
122.43 719.827
119.879 719.827
-1
4
197.055 716.082
197.621 716.082
197.621 718.624
197.055 718.624
-1
4
94.367 705.09
94.934 705.09
94.934 720.281
94.367 720.281
-1
4
33.423 718.695
59.484 718.695
59.484 719.262
33.423 719.262
-1
4
134.054 716.426
139.723 716.426
139.723 720.113
134.054 720.113
-1
4
17.125 710.121
20.668 710.121
20.668 713.664
17.125 713.664
-1
4
158.149 725.781
189.894 725.781
189.894 726.348
158.149 726.348
