-1
4
-0.123 689.326
223.443 689.326
223.443 862.014
-0.123 862.014
-1
4
96.637 772.27
100.038 772.27
100.038 774.82
96.637 774.82
-1
4
46.777 775.672
48.265 775.672
48.265 776.238
46.777 776.238
-1
4
184.004 775.672
185.492 775.672
185.492 776.238
184.004 776.238
-1
4
195.566 752.641
199.109 752.641
199.109 756.184
195.566 756.184
-1
4
188.477 752.641
192.02 752.641
192.02 756.184
188.477 756.184
-1
4
118.746 757.953
185.645 757.953
185.645 758.523
118.746 758.523
-1
4
112.512 761.781
118.18 761.781
118.18 767.449
112.512 767.449
-1
4
25.699 750.582
39.375 750.582
39.375 751.152
25.699 751.152
-1
4
105.141 754.41
110.809 754.41
110.809 760.082
105.141 760.082
-1
4
112.512 747.039
118.18 747.039
118.18 752.711
112.512 752.711
-1
4
182.809 747.381
183.375 747.381
183.375 755.062
182.809 755.062
-1
4
97.77 761.781
103.441 761.781
103.441 767.449
97.77 767.449
-1
4
26.039 757.672
37.109 757.672
37.109 758.238
26.039 758.238
-1
4
45.953 733.363
93.375 733.363
93.375 733.93
45.953 733.93
-1
4
130.227 732.23
177.707 732.23
177.707 732.797
130.227 732.797
-1
4
44.477 736.41
94.934 736.41
94.934 736.977
44.477 736.977
-1
4
104.008 735.418
107.408 735.418
107.408 737.969
104.008 737.969
-1
4
112.512 732.301
118.18 732.301
118.18 737.969
112.512 737.969
-1
4
179.406 736.41
197.621 736.41
197.621 736.977
179.406 736.977
-1
4
97.77 747.039
103.441 747.039
103.441 752.711
97.77 752.711
-1
4
31.297 738.465
34.84 738.465
34.84 742.012
31.297 742.012
-1
4
97.77 738.535
100.32 738.535
100.32 741.939
97.77 741.939
-1
4
119.879 739.672
125.551 739.672
125.551 745.34
119.879 745.34
-1
4
51.285 702.82
105.707 702.82
105.707 703.387
51.285 703.387
-1
4
105.141 716.426
107.691 716.426
107.691 719.827
105.141 719.827
-1
4
112.512 717.559
118.18 717.559
118.18 723.23
112.512 723.23
-1
4
112.512 702.82
172.033 702.82
172.033 703.387
112.512 703.387
-1
4
25.699 715.742
55.496 715.742
55.496 716.309
25.699 716.309
-1
4
84.73 717.559
96.066 717.559
96.066 724.363
84.73 724.363
-1
4
127.25 716.426
138.59 716.426
138.59 723.23
127.25 723.23
-1
4
188.477 717.207
192.02 717.207
192.02 720.75
188.477 720.75
-1
4
181.109 710.121
181.675 710.121
181.675 713.664
181.109 713.664
-1
4
105.141 724.93
110.809 724.93
110.809 730.602
105.141 730.602
-1
4
25.699 729.324
46.18 729.324
46.18 729.891
25.699 729.891
