-1
4
-0.123 689.326
223.443 689.326
223.443 862.014
-0.123 862.014
-1
4
100.887 772.553
103.441 772.553
103.441 775.953
100.887 775.953
-1
4
55.727 775.672
57.219 775.672
57.219 776.238
55.727 776.238
-1
4
178.035 775.672
179.527 775.672
179.527 776.238
178.035 776.238
-1
4
56.102 848.309
59.645 848.309
59.645 851.852
56.102 851.852
-1
4
68.219 791.602
68.785 791.602
68.785 842.015
68.219 842.015
-1
4
185.078 754.129
185.645 754.129
185.645 758.181
185.078 758.181
-1
4
123.282 761.781
126.684 761.781
126.684 764.332
123.282 764.332
-1
4
122.996 750.442
125.551 750.442
125.551 753.844
122.996 753.844
-1
4
108.542 754.41
111.941 754.41
111.941 756.961
108.542 756.961
-1
4
38.809 757.527
105.368 757.527
105.368 758.094
38.809 758.094
-1
4
108.542 747.039
111.941 747.039
111.941 749.594
108.542 749.594
-1
4
182.809 747.039
189.894 747.039
189.894 747.609
182.809 747.609
-1
4
115.629 750.442
118.18 750.442
118.18 753.844
115.629 753.844
-1
4
183.941 750.582
197.621 750.582
197.621 751.152
183.941 751.152
-1
4
115.629 757.813
118.18 757.813
118.18 761.215
115.629 761.215
-1
4
97.77 760.648
100.32 760.648
100.32 764.048
97.77 764.048
-1
4
105.141 760.648
107.691 760.648
107.691 764.048
105.141 764.048
-1
4
104.008 728.047
107.408 728.047
107.408 730.602
104.008 730.602
-1
4
45.613 729.664
46.18 729.664
46.18 733.93
45.613 733.93
-1
4
195.566 724.293
199.109 724.293
199.109 727.836
195.566 727.836
-1
4
115.629 728.333
118.18 728.333
118.18 731.734
115.629 731.734
-1
4
177.141 729.664
177.707 729.664
177.707 732.457
177.141 732.457
-1
4
31.297 731.379
34.84 731.379
34.84 734.922
31.297 734.922
-1
4
111.375 735.418
114.779 735.418
114.779 737.969
111.375 737.969
-1
4
117.953 734.285
129.177 734.285
129.177 734.852
117.953 734.852
-1
4
24.211 731.379
27.754 731.379
27.754 734.922
24.211 734.922
-1
4
105.141 738.535
107.691 738.535
107.691 741.939
105.141 741.939
-1
4
43.344 739.457
96.154 739.457
96.154 740.023
43.344 740.023
-1
4
195.566 731.379
199.109 731.379
199.109 734.922
195.566 734.922
-1
4
127.676 738.324
179.973 738.324
179.973 738.891
127.676 738.891
-1
4
115.629 743.073
118.18 743.073
118.18 746.473
115.629 746.473
-1
4
41.078 750.16
97.998 750.16
97.998 750.727
41.078 750.727
-1
4
26.039 743.5
41.305 743.5
41.305 744.066
26.039 744.066
-1
4
100.887 743.073
103.441 743.073
103.441 746.473
100.887 746.473
-1
4
119.879 738.535
122.43 738.535
122.43 741.939
119.879 741.939
-1
4
181.676 743.5
197.621 743.5
197.621 744.066
181.676 744.066
-1
4
18.613 714.559
51.512 714.559
51.512 715.129
18.613 715.129
-1
4
108.542 717.559
111.941 717.559
111.941 720.113
108.542 720.113
-1
4
202.652 717.207
206.195 717.207
206.195 720.75
202.652 720.75
-1
4
181.109 703.035
181.675 703.035
181.675 706.578
181.109 706.578
-1
4
54.93 703.953
98.336 703.953
98.336 704.523
54.93 704.523
-1
4
100.887 720.962
103.441 720.962
103.441 724.363
100.887 724.363
-1
4
195.566 717.207
199.109 717.207
199.109 720.75
195.566 720.75
-1
4
123.282 717.559
126.684 717.559
126.684 720.113
123.282 720.113
-1
4
91.532 717.559
97.203 717.559
97.203 720.113
91.532 720.113
-1
4
127.59 705.09
164.062 705.09
164.062 705.656
127.59 705.656
-1
4
195.566 710.121
199.109 710.121
199.109 713.664
195.566 713.664
-1
4
202.652 710.121
206.195 710.121
206.195 713.664
202.652 713.664
-1
6
131.785 729.465
142.273 729.465
142.273 720.68
139.156 720.68
139.156 723.797
131.785 723.797
-1
4
31.297 724.293
34.84 724.293
34.84 727.836
31.297 727.836
-1
4
81.047 724.93
91.535 724.93
91.535 730.602
81.047 730.602
