-1
4
-0.123 689.326
223.443 689.326
223.443 862.014
-0.123 862.014
-1
4
10.039 837.68
13.578 837.68
13.578 841.223
10.039 841.223
-1
4
31.297 837.68
34.84 837.68
34.84 841.223
31.297 841.223
-1
4
41.645 837.68
42.211 837.68
42.211 841.223
41.645 841.223
-1
4
181.109 837.68
181.675 837.68
181.675 841.223
181.109 841.223
-1
4
188.477 837.68
192.02 837.68
192.02 841.223
188.477 841.223
-1
4
209.738 837.68
213.281 837.68
213.281 841.223
209.738 841.223
-1
4
36.613 842.711
40.156 842.711
40.156 843.277
36.613 843.277
-1
4
43.699 842.711
47.242 842.711
47.242 843.277
43.699 843.277
-1
4
176.078 842.711
179.621 842.711
179.621 843.277
176.078 843.277
-1
4
183.164 842.711
186.707 842.711
186.707 843.277
183.164 843.277
-1
4
41.645 844.766
42.211 844.766
42.211 848.309
41.645 848.309
-1
4
181.109 844.766
181.675 844.766
181.675 848.309
181.109 848.309
-1
4
125.323 763.766
186.777 763.766
186.777 764.332
125.323 764.332
-1
4
35.406 761.215
35.973 761.215
35.973 772.836
35.406 772.836
-1
4
97.77 768.016
100.32 768.016
100.32 771.419
97.77 771.419
-1
4
34.84 775.672
36.332 775.672
36.332 776.238
34.84 776.238
-1
4
52.742 775.672
54.234 775.672
54.234 776.238
52.742 776.238
-1
4
58.711 775.672
60.203 775.672
60.203 776.238
58.711 776.238
-1
4
163.117 775.672
164.609 775.672
164.609 776.238
163.117 776.238
-1
4
169.082 775.672
170.574 775.672
170.574 776.238
169.082 776.238
-1
4
175.051 775.672
176.543 775.672
176.543 776.238
175.051 776.238
-1
4
181.02 775.672
182.512 775.672
182.512 776.238
181.02 776.238
-1
4
186.988 775.672
188.476 775.672
188.476 776.238
186.988 776.238
-1
4
57.59 778.278
58.156 778.278
58.156 849.726
57.59 849.726
-1
4
68.219 791.262
93.234 791.262
93.234 791.828
68.219 791.828
-1
4
70.273 801.113
70.839 801.113
70.839 815.851
70.273 815.851
-1
4
167.219 801.113
167.785 801.113
167.785 815.851
167.219 815.851
-1
4
121.367 842.355
171.201 842.355
171.201 842.922
121.367 842.922
-1
4
115.913 761.781
119.313 761.781
119.313 764.332
115.913 764.332
-1
4
197.055 754.767
197.621 754.767
197.621 757.898
197.055 757.898
-1
4
104.008 764.898
107.408 764.898
107.408 767.449
104.008 767.449
-1
4
118.746 750.16
122.148 750.16
122.148 752.711
118.746 752.711
-1
4
125.323 749.023
182.242 749.023
182.242 749.594
125.323 749.594
-1
4
105.141 753.277
107.691 753.277
107.691 756.679
105.141 756.679
-1
4
31.297 745.555
34.84 745.555
34.84 749.094
31.297 749.094
-1
4
39.941 747.381
40.508 747.381
40.508 755.629
39.941 755.629
-1
4
111.375 750.16
114.779 750.16
114.779 752.711
111.375 752.711
-1
4
197.055 747.678
197.621 747.678
197.621 750.81
197.055 750.81
-1
4
111.375 757.527
114.779 757.527
114.779 760.082
111.375 760.082
-1
4
101.879 760.648
106.161 760.648
106.161 761.215
101.879 761.215
-1
4
105.141 723.797
107.691 723.797
107.691 727.199
105.141 727.199
-1
4
92.809 730.035
105.368 730.035
105.368 730.602
92.809 730.602
-1
4
112.512 723.797
115.063 723.797
115.063 727.199
112.512 727.199
-1
4
117.953 726.914
130.793 726.914
130.793 727.48
117.953 727.48
-1
4
197.055 726.419
197.621 726.419
197.621 729.551
197.055 729.551
-1
4
33.423 732.867
45.043 732.867
45.043 733.434
33.423 733.434
-1
4
108.258 735.702
110.809 735.702
110.809 739.105
108.258 739.105
-1
4
112.512 731.168
115.063 731.168
115.063 734.568
112.512 734.568
-1
4
95.926 737.319
96.496 737.319
96.496 740.023
95.926 740.023
-1
4
101.879 738.535
106.161 738.535
106.161 739.105
101.879 739.105
-1
4
104.008 742.789
107.408 742.789
107.408 745.34
104.008 745.34
-1
4
197.055 733.505
197.621 733.505
197.621 736.637
197.055 736.637
-1
4
127.676 736.75
128.242 736.75
128.242 738.551
127.676 738.551
-1
4
111.375 742.789
114.779 742.789
114.779 745.34
111.375 745.34
-1
4
24.211 738.465
27.754 738.465
27.754 742.012
24.211 742.012
-1
4
97.77 745.906
100.32 745.906
100.32 749.308
97.77 749.308
-1
4
33.423 739.953
42.777 739.953
42.777 740.523
33.423 740.523
-1
4
42.211 742.789
97.998 742.789
97.998 743.355
42.211 743.355
-1
4
118.746 742.789
122.148 742.789
122.148 745.34
118.746 745.34
-1
4
125.323 741.656
181.109 741.656
181.109 742.223
125.323 742.223
-1
4
197.055 740.593
197.621 740.593
197.621 743.726
197.055 743.726
-1
4
204.141 714.901
204.707 714.901
204.707 718.624
204.141 718.624
-1
4
115.913 717.559
119.313 717.559
119.313 720.113
115.913 720.113
-1
4
112.512 703.16
113.078 703.16
113.078 716.879
112.512 716.879
-1
4
101.173 717.559
104.574 717.559
104.574 720.113
101.173 720.113
-1
4
31.297 717.207
34.84 717.207
34.84 720.75
31.297 720.75
-1
4
126.117 720.68
131.786 720.68
131.786 723.23
126.117 723.23
-1
4
36.613 708.066
40.156 708.066
40.156 708.632
36.613 708.632
-1
4
24.211 710.121
27.754 710.121
27.754 713.664
24.211 713.664
-1
4
197.692 711.609
204.069 711.609
204.069 712.176
197.692 712.176
-1
4
131.785 710.191
142.273 710.191
142.273 715.859
131.785 715.859
-1
6
81.047 720.113
84.164 720.113
84.164 716.992
91.535 716.992
91.535 711.324
81.047 711.324
