-1
4
-0.123 689.326
223.443 689.326
223.443 862.014
-0.123 862.014
-1
4
122.996 750.442
125.551 750.442
125.551 753.844
122.996 753.844
-1
4
105.141 754.41
110.809 754.41
110.809 760.082
105.141 760.082
-1
4
31.297 745.555
34.84 745.555
34.84 749.094
31.297 749.094
-1
4
112.512 747.039
118.18 747.039
118.18 752.711
112.512 752.711
-1
4
97.77 761.781
103.441 761.781
103.441 767.449
97.77 767.449
-1
4
38.016 759.09
102.105 759.09
102.105 759.656
38.016 759.656
-1
4
118.746 757.953
185.645 757.953
185.645 758.523
118.746 758.523
-1
4
112.512 761.781
118.18 761.781
118.18 767.449
112.512 767.449
-1
4
96.637 772.27
100.038 772.27
100.038 774.82
96.637 774.82
-1
4
43.793 775.672
45.285 775.672
45.285 776.238
43.793 776.238
-1
4
112.512 732.301
118.18 732.301
118.18 737.969
112.512 737.969
-1
4
105.141 739.672
110.809 739.672
110.809 745.34
105.141 745.34
-1
4
97.77 747.039
103.441 747.039
103.441 752.711
97.77 752.711
-1
4
33.423 739.953
42.777 739.953
42.777 740.523
33.423 740.523
-1
4
97.77 738.535
100.32 738.535
100.32 741.939
97.77 741.939
-1
4
119.879 739.672
125.551 739.672
125.551 745.34
119.879 745.34
-1
4
51.285 702.82
105.707 702.82
105.707 703.387
51.285 703.387
-1
4
112.512 717.559
118.18 717.559
118.18 723.23
112.512 723.23
-1
4
97.77 717.559
103.441 717.559
103.441 723.23
97.77 723.23
-1
4
122.996 720.962
125.551 720.962
125.551 724.363
122.996 724.363
-1
4
31.297 717.207
34.84 717.207
34.84 720.75
31.297 720.75
-1
4
36.613 708.066
40.156 708.066
40.156 708.632
36.613 708.632
-1
4
140.289 710.191
160.133 710.191
160.133 729.465
140.289 729.465
-1
4
63.188 711.324
83.031 711.324
83.031 730.602
63.188 730.602
-1
4
105.141 724.93
110.809 724.93
110.809 730.602
105.141 730.602
-1
4
160.133 775.672
161.625 775.672
161.625 776.238
160.133 776.238
-1
4
56.102 848.309
59.645 848.309
59.645 851.852
56.102 851.852
-1
4
68.219 791.262
93.234 791.262
93.234 791.828
68.219 791.828
