-1
4
-0.123 689.326
223.443 689.326
223.443 862.014
-0.123 862.014
-1
4
24.211 745.555
27.754 745.555
27.754 749.094
24.211 749.094
-1
4
105.141 747.039
110.809 747.039
110.809 752.711
105.141 752.711
-1
4
39.941 755.402
104.574 755.402
104.574 755.969
39.941 755.969
-1
4
121.213 754.836
183.375 754.836
183.375 755.402
121.213 755.402
-1
4
112.512 754.41
118.18 754.41
118.18 760.082
112.512 760.082
-1
4
26.039 757.672
37.109 757.672
37.109 758.238
26.039 758.238
-1
4
105.141 761.781
110.809 761.781
110.809 767.449
105.141 767.449
-1
4
188.477 752.641
192.02 752.641
192.02 756.184
188.477 756.184
-1
4
97.77 769.152
103.441 769.152
103.441 774.82
97.77 774.82
-1
4
34.84 775.672
36.332 775.672
36.332 776.238
34.84 776.238
-1
4
40.809 775.672
42.301 775.672
42.301 776.238
40.809 776.238
-1
4
46.777 775.672
48.265 775.672
48.265 776.238
46.777 776.238
-1
4
112.512 724.93
118.18 724.93
118.18 730.602
112.512 730.602
-1
4
130.227 732.23
177.707 732.23
177.707 732.797
130.227 732.797
-1
4
105.141 732.301
110.809 732.301
110.809 737.969
105.141 737.969
-1
4
95.926 736.977
102.445 736.977
102.445 737.547
95.926 737.547
-1
4
118.746 736.41
128.242 736.41
128.242 736.977
118.746 736.977
-1
4
179.406 736.41
197.621 736.41
197.621 736.977
179.406 736.977
-1
4
112.512 739.672
118.18 739.672
118.18 745.34
112.512 745.34
-1
4
31.297 738.465
34.84 738.465
34.84 742.012
31.297 742.012
-1
4
97.77 739.672
103.441 739.672
103.441 745.34
97.77 745.34
-1
4
181.676 743.5
197.621 743.5
197.621 744.066
181.676 744.066
-1
4
119.879 747.039
125.551 747.039
125.551 752.711
119.879 752.711
-1
4
188.477 699.488
213.281 699.488
213.281 706.578
188.477 706.578
-1
4
17.125 717.207
20.668 717.207
20.668 720.75
17.125 720.75
-1
4
105.141 717.559
110.809 717.559
110.809 723.23
105.141 723.23
-1
4
202.652 717.207
206.195 717.207
206.195 720.75
202.652 720.75
-1
4
181.109 703.035
181.675 703.035
181.675 706.578
181.109 706.578
-1
4
25.699 715.742
55.496 715.742
55.496 716.309
25.699 716.309
-1
4
119.879 703.953
168.387 703.953
168.387 704.523
119.879 704.523
-1
4
119.879 717.559
125.551 717.559
125.551 723.23
119.879 723.23
-1
4
84.73 717.559
96.066 717.559
96.066 724.363
84.73 724.363
-1
4
176.078 708.066
179.621 708.066
179.621 708.632
176.078 708.632
-1
4
10.039 710.121
13.578 710.121
13.578 713.664
10.039 713.664
-1
4
24.211 710.121
27.754 710.121
27.754 713.664
24.211 713.664
-1
4
41.645 710.121
42.211 710.121
42.211 713.664
41.645 713.664
-1
4
181.109 710.121
181.675 710.121
181.675 713.664
181.109 713.664
-1
4
202.652 710.121
206.195 710.121
206.195 713.664
202.652 713.664
-1
4
188.477 724.293
192.02 724.293
192.02 727.836
188.477 727.836
-1
4
31.297 724.293
34.84 724.293
34.84 727.836
31.297 727.836
-1
4
52.742 775.672
54.234 775.672
54.234 776.238
52.742 776.238
-1
4
68.219 791.602
68.785 791.602
68.785 842.015
68.219 842.015
