-1
4
-0.123 689.326
223.443 689.326
223.443 862.014
-0.123 862.014
-1
4
123.282 747.039
126.684 747.039
126.684 749.594
123.282 749.594
-1
4
25.699 750.582
39.375 750.582
39.375 751.152
25.699 751.152
-1
4
104.008 757.527
107.408 757.527
107.408 760.082
104.008 760.082
-1
4
104.008 750.16
107.408 750.16
107.408 752.711
104.008 752.711
-1
4
188.477 745.555
192.02 745.555
192.02 749.094
188.477 749.094
-1
4
115.913 747.039
119.313 747.039
119.313 749.594
115.913 749.594
-1
4
182.809 747.381
183.375 747.381
183.375 755.062
182.809 755.062
-1
4
115.913 754.41
119.313 754.41
119.313 756.961
115.913 756.961
-1
4
96.637 764.898
100.038 764.898
100.038 767.449
96.637 767.449
-1
4
37.676 754.469
38.242 754.469
38.242 759.656
37.676 759.656
-1
4
104.008 764.898
107.408 764.898
107.408 767.449
104.008 767.449
-1
4
112.512 760.648
115.063 760.648
115.063 764.048
112.512 764.048
-1
4
185.418 754.129
189.894 754.129
189.894 754.695
185.418 754.695
-1
4
119.879 761.781
125.551 761.781
125.551 767.449
119.879 767.449
-1
4
100.887 772.553
103.441 772.553
103.441 775.953
100.887 775.953
-1
4
35.746 772.27
97.998 772.27
97.998 772.836
35.746 772.836
-1
4
49.762 775.672
51.25 775.672
51.25 776.238
49.762 776.238
-1
4
104.008 728.047
107.408 728.047
107.408 730.602
104.008 730.602
-1
4
45.953 733.363
93.375 733.363
93.375 733.93
45.953 733.93
-1
4
177.141 729.324
197.621 729.324
197.621 729.891
177.141 729.891
-1
4
115.913 724.93
119.313 724.93
119.313 727.48
115.913 727.48
-1
4
108.542 732.301
111.941 732.301
111.941 734.852
108.542 734.852
-1
4
115.913 732.301
119.313 732.301
119.313 734.852
115.913 734.852
-1
4
129.292 735.277
178.84 735.277
178.84 735.844
129.292 735.844
-1
4
25.699 736.41
43.91 736.41
43.91 736.977
25.699 736.977
-1
4
105.141 738.535
107.691 738.535
107.691 741.939
105.141 741.939
-1
4
43.344 739.457
96.154 739.457
96.154 740.023
43.344 740.023
-1
4
127.676 738.324
179.973 738.324
179.973 738.891
127.676 738.891
-1
4
111.375 742.789
114.779 742.789
114.779 745.34
111.375 745.34
-1
4
96.637 750.16
100.038 750.16
100.038 752.711
96.637 752.711
-1
4
26.039 743.5
41.305 743.5
41.305 744.066
26.039 744.066
-1
4
96.637 742.789
100.038 742.789
100.038 745.34
96.637 745.34
-1
4
188.477 738.465
192.02 738.465
192.02 742.012
188.477 742.012
-1
4
119.879 738.535
122.43 738.535
122.43 741.939
119.879 741.939
-1
4
195.566 738.465
199.109 738.465
199.109 742.012
195.566 742.012
-1
4
108.258 720.962
110.809 720.962
110.809 724.363
108.258 724.363
-1
4
41.645 703.035
42.211 703.035
42.211 706.578
41.645 706.578
-1
4
96.637 720.68
100.038 720.68
100.038 723.23
96.637 723.23
-1
4
167.82 715.742
197.621 715.742
197.621 716.309
167.82 716.309
-1
4
33.423 718.695
59.484 718.695
59.484 719.262
33.423 719.262
-1
4
59.258 705.09
94.594 705.09
94.594 705.656
59.258 705.656
-1
4
127.25 716.426
138.59 716.426
138.59 723.23
127.25 723.23
-1
4
127.59 705.09
164.062 705.09
164.062 705.656
127.59 705.656
-1
4
17.125 710.121
20.668 710.121
20.668 713.664
17.125 713.664
-1
4
195.566 710.121
199.109 710.121
199.109 713.664
195.566 713.664
-1
4
81.047 724.93
91.535 724.93
91.535 730.602
81.047 730.602
-1
4
25.699 729.324
46.18 729.324
46.18 729.891
25.699 729.891
-1
4
55.727 775.672
57.219 775.672
57.219 776.238
55.727 776.238
-1
4
61.695 775.672
63.187 775.672
63.187 776.238
61.695 776.238
-1
4
166.098 775.672
167.594 775.672
167.594 776.238
166.098 776.238
-1
4
57.59 778.278
58.156 778.278
58.156 849.726
57.59 849.726
