-1
4
-0.123 689.326
223.443 689.326
223.443 862.014
-0.123 862.014
-1
4
108.258 750.442
110.809 750.442
110.809 753.844
108.258 753.844
-1
4
104.008 751.691
104.574 751.691
104.574 755.629
104.008 755.629
-1
4
117.16 753.277
121.099 753.277
121.099 753.844
117.16 753.844
-1
4
195.566 745.555
199.109 745.555
199.109 749.094
195.566 749.094
-1
4
111.375 757.527
114.779 757.527
114.779 760.082
111.375 760.082
-1
4
117.953 756.395
184.168 756.395
184.168 756.961
117.953 756.961
-1
4
100.887 765.182
103.441 765.182
103.441 768.582
100.887 768.582
-1
4
36.543 758.012
37.109 758.012
37.109 765.126
36.543 765.126
-1
4
33.423 754.129
38.242 754.129
38.242 754.695
33.423 754.695
-1
4
101.879 760.648
106.161 760.648
106.161 761.215
101.879 761.215
-1
4
108.258 765.182
110.809 765.182
110.809 768.582
108.258 768.582
-1
4
115.913 761.781
119.313 761.781
119.313 764.332
115.913 764.332
-1
4
195.566 752.641
199.109 752.641
199.109 756.184
195.566 756.184
-1
4
122.996 765.182
125.551 765.182
125.551 768.582
122.996 768.582
-1
4
37.824 775.672
39.316 775.672
39.316 776.238
37.824 776.238
-1
4
112.512 723.797
115.063 723.797
115.063 727.199
112.512 727.199
-1
4
130.227 727.254
130.793 727.254
130.793 732.457
130.227 732.457
-1
4
105.141 731.168
107.691 731.168
107.691 734.568
105.141 734.568
-1
4
33.423 732.867
45.043 732.867
45.043 733.434
33.423 733.434
-1
4
112.512 731.168
115.063 731.168
115.063 734.568
112.512 734.568
-1
4
178.273 732.867
189.894 732.867
189.894 733.434
178.273 733.434
-1
4
24.211 731.379
27.754 731.379
27.754 734.922
24.211 734.922
-1
4
95.926 737.319
96.496 737.319
96.496 740.023
95.926 740.023
-1
4
195.566 731.379
199.109 731.379
199.109 734.922
195.566 734.922
-1
4
127.676 736.75
128.242 736.75
128.242 738.551
127.676 738.551
-1
4
179.406 736.75
179.973 736.75
179.973 738.551
179.406 738.551
-1
4
112.512 738.535
115.063 738.535
115.063 741.939
112.512 741.939
-1
4
118.746 736.75
119.313 736.75
119.313 740.692
118.746 740.692
-1
4
24.211 738.465
27.754 738.465
27.754 742.012
24.211 742.012
-1
4
41.078 743.5
41.645 743.5
41.645 750.387
41.078 750.387
-1
4
101.173 747.039
104.574 747.039
104.574 749.594
101.173 749.594
-1
4
101.173 739.672
104.574 739.672
104.574 742.223
101.173 742.223
-1
4
125.323 741.656
181.109 741.656
181.109 742.223
125.323 742.223
-1
4
119.879 745.906
122.43 745.906
122.43 749.308
119.879 749.308
-1
4
105.141 723.797
107.691 723.797
107.691 727.199
105.141 727.199
-1
4
50.945 702.82
51.512 702.82
51.512 714.787
50.945 714.787
-1
4
108.542 717.559
111.941 717.559
111.941 720.113
108.542 720.113
-1
4
171.805 714.559
204.707 714.559
204.707 715.129
171.805 715.129
-1
4
112.512 702.82
172.033 702.82
172.033 703.387
112.512 703.387
-1
4
115.913 717.559
119.313 717.559
119.313 720.113
115.913 720.113
-1
4
97.77 716.426
100.32 716.426
100.32 719.827
97.77 719.827
-1
4
163.836 718.695
189.894 718.695
189.894 719.262
163.836 719.262
-1
4
43.699 708.066
47.242 708.066
47.242 708.632
43.699 708.632
-1
4
158.149 725.781
189.894 725.781
189.894 726.348
158.149 726.348
-1
4
58.711 775.672
60.203 775.672
60.203 776.238
58.711 776.238
-1
4
68.219 841.789
79.414 841.789
79.414 842.355
68.219 842.355
-1
4
77.359 848.309
80.902 848.309
80.902 851.852
77.359 851.852
-1
4
98.621 848.309
102.164 848.309
102.164 851.852
98.621 851.852
-1
4
170.973 820.176
171.543 820.176
171.543 842.922
170.973 842.922
-1
4
119.879 848.309
123.422 848.309
123.422 851.852
119.879 851.852
-1
4
70.273 830.594
70.84 830.594
70.84 837.68
70.273 837.68
-1
4
160.699 837.113
167.785 837.113
167.785 837.68
160.699 837.68
-1
4
17.125 837.68
20.668 837.68
20.668 841.223
17.125 841.223
-1
4
24.211 837.68
27.754 837.68
27.754 841.223
24.211 841.223
-1
4
195.566 837.68
199.109 837.68
199.109 841.223
195.566 841.223
-1
4
202.652 837.68
206.195 837.68
206.195 841.223
202.652 841.223
