-1
4
-0.123 689.326
223.443 689.326
223.443 862.014
-0.123 862.014
-1
4
118.746 750.16
122.148 750.16
122.148 752.711
118.746 752.711
-1
4
108.258 757.813
110.809 757.813
110.809 761.215
108.258 761.215
-1
4
39.941 747.381
40.508 747.381
40.508 755.629
39.941 755.629
-1
4
182.809 747.039
189.894 747.039
189.894 747.609
182.809 747.609
-1
4
111.375 750.16
114.779 750.16
114.779 752.711
111.375 752.711
-1
4
183.941 750.582
197.621 750.582
197.621 751.152
183.941 751.152
-1
4
24.211 752.641
27.754 752.641
27.754 756.184
24.211 756.184
-1
4
101.173 761.781
104.574 761.781
104.574 764.332
101.173 764.332
-1
4
36.543 764.898
97.998 764.898
97.998 765.469
36.543 765.469
-1
4
185.078 754.129
185.645 754.129
185.645 758.181
185.078 758.181
-1
4
111.375 764.898
114.779 764.898
114.779 767.449
111.375 767.449
-1
4
119.879 760.648
122.43 760.648
122.43 764.048
119.879 764.048
-1
4
125.323 763.766
186.777 763.766
186.777 764.332
125.323 764.332
-1
4
31.297 759.727
34.84 759.727
34.84 763.27
31.297 763.27
-1
4
97.77 768.016
100.32 768.016
100.32 771.419
97.77 771.419
-1
4
108.258 728.333
110.809 728.333
110.809 731.734
108.258 731.734
-1
4
92.809 730.375
93.375 730.375
93.375 733.59
92.809 733.59
-1
4
195.566 724.293
199.109 724.293
199.109 727.836
195.566 727.836
-1
4
31.297 731.379
34.84 731.379
34.84 734.922
31.297 734.922
-1
4
108.258 735.702
110.809 735.702
110.809 739.105
108.258 739.105
-1
4
94.367 735.418
105.368 735.418
105.368 735.988
94.367 735.988
-1
4
188.477 731.379
192.02 731.379
192.02 734.922
188.477 734.922
-1
4
101.879 738.535
106.161 738.535
106.161 739.105
101.879 739.105
-1
4
43.344 736.75
43.91 736.75
43.91 739.683
43.344 739.683
-1
4
108.258 743.073
110.809 743.073
110.809 746.473
108.258 746.473
-1
4
115.629 743.073
118.18 743.073
118.18 746.473
115.629 746.473
-1
4
100.887 750.442
103.441 750.442
103.441 753.844
100.887 753.844
-1
4
100.887 743.073
103.441 743.073
103.441 746.473
100.887 746.473
-1
4
42.211 742.789
97.998 742.789
97.998 743.355
42.211 743.355
-1
4
180.543 739.953
189.894 739.953
189.894 740.523
180.543 740.523
-1
4
122.996 743.073
125.551 743.073
125.551 746.473
122.996 746.473
-1
4
188.477 703.742
192.02 703.742
192.02 713.664
188.477 713.664
-1
4
105.141 716.426
107.691 716.426
107.691 719.827
105.141 719.827
-1
4
18.613 714.901
19.18 714.901
19.18 718.624
18.613 718.624
-1
4
111.375 720.68
114.779 720.68
114.779 723.23
111.375 723.23
-1
4
100.887 720.962
103.441 720.962
103.441 724.363
100.887 724.363
-1
4
195.566 717.207
199.109 717.207
199.109 720.75
195.566 720.75
-1
4
118.746 720.68
122.148 720.68
122.148 723.23
118.746 723.23
-1
4
94.367 705.09
94.934 705.09
94.934 720.281
94.367 720.281
-1
4
188.477 717.207
192.02 717.207
192.02 720.75
188.477 720.75
-1
4
127.25 705.09
127.816 705.09
127.816 719.148
127.25 719.148
-1
4
19.251 711.609
25.628 711.609
25.628 712.176
19.251 712.176
-1
6
131.785 729.465
142.273 729.465
142.273 720.68
139.156 720.68
139.156 723.797
131.785 723.797
-1
6
81.047 720.113
84.164 720.113
84.164 716.992
91.535 716.992
91.535 711.324
81.047 711.324
-1
4
163.117 775.672
164.609 775.672
164.609 776.238
163.117 776.238
-1
4
169.082 775.672
170.574 775.672
170.574 776.238
169.082 776.238
-1
4
175.051 775.672
176.543 775.672
176.543 776.238
175.051 776.238
-1
4
184.004 775.672
185.492 775.672
185.492 776.238
184.004 776.238
