-1
4
-0.123 689.326
223.443 689.326
223.443 862.014
-0.123 862.014
-1
4
125.323 749.023
182.242 749.023
182.242 749.594
125.323 749.594
-1
4
108.542 754.41
111.941 754.41
111.941 756.961
108.542 756.961
-1
4
38.809 757.527
105.368 757.527
105.368 758.094
38.809 758.094
-1
4
108.542 747.039
111.941 747.039
111.941 749.594
108.542 749.594
-1
4
115.629 750.442
118.18 750.442
118.18 753.844
115.629 753.844
-1
4
115.629 757.813
118.18 757.813
118.18 761.215
115.629 761.215
-1
4
97.77 760.648
100.32 760.648
100.32 764.048
97.77 764.048
-1
4
31.297 752.641
34.84 752.641
34.84 756.184
31.297 756.184
-1
4
105.141 760.648
107.691 760.648
107.691 764.048
105.141 764.048
-1
4
115.629 765.182
118.18 765.182
118.18 768.582
115.629 768.582
-1
4
186.211 757.672
197.621 757.672
197.621 758.238
186.211 758.238
-1
4
123.282 761.781
126.684 761.781
126.684 764.332
123.282 764.332
-1
4
35.406 761.215
35.973 761.215
35.973 772.836
35.406 772.836
-1
4
45.613 729.664
46.18 729.664
46.18 733.93
45.613 733.93
-1
4
92.809 730.035
105.368 730.035
105.368 730.602
92.809 730.602
-1
4
111.375 728.047
114.779 728.047
114.779 730.602
111.375 730.602
-1
4
117.953 726.914
130.793 726.914
130.793 727.48
117.953 727.48
-1
4
177.141 729.664
177.707 729.664
177.707 732.457
177.141 732.457
-1
4
44.477 736.41
94.934 736.41
94.934 736.977
44.477 736.977
-1
4
104.008 735.418
107.408 735.418
107.408 737.969
104.008 737.969
-1
4
111.375 735.418
114.779 735.418
114.779 737.969
111.375 737.969
-1
4
117.953 734.285
129.177 734.285
129.177 734.852
117.953 734.852
-1
4
104.008 742.789
107.408 742.789
107.408 745.34
104.008 745.34
-1
4
115.913 739.672
119.313 739.672
119.313 742.223
115.913 742.223
-1
4
41.078 750.16
97.998 750.16
97.998 750.727
41.078 750.727
-1
4
123.282 739.672
126.684 739.672
126.684 742.223
123.282 742.223
-1
4
18.613 714.559
51.512 714.559
51.512 715.129
18.613 715.129
-1
4
112.512 716.426
115.063 716.426
115.063 719.827
112.512 719.827
-1
4
54.93 703.953
98.336 703.953
98.336 704.523
54.93 704.523
-1
4
24.211 717.207
27.754 717.207
27.754 720.75
24.211 720.75
-1
4
101.173 717.559
104.574 717.559
104.574 720.113
101.173 720.113
-1
4
119.879 716.426
122.43 716.426
122.43 719.827
119.879 719.827
-1
4
91.532 717.559
97.203 717.559
97.203 720.113
91.532 720.113
-1
4
83.598 720.68
89.264 720.68
89.264 724.363
83.598 724.363
-1
4
126.117 720.68
131.786 720.68
131.786 723.23
126.117 723.23
-1
4
131.785 710.191
142.273 710.191
142.273 715.859
131.785 715.859
-1
4
24.211 724.293
27.754 724.293
27.754 727.836
24.211 727.836
-1
4
172.066 775.672
173.558 775.672
173.558 776.238
172.066 776.238
-1
4
181.02 775.672
182.512 775.672
182.512 776.238
181.02 776.238
-1
4
121.367 842.355
171.201 842.355
171.201 842.922
121.367 842.922
