-1
4
-0.123 689.326
223.443 689.326
223.443 862.014
-0.123 862.014
-1
4
184.004 775.672
185.492 775.672
185.492 776.238
184.004 776.238
-1
4
56.102 848.309
59.645 848.309
59.645 851.852
56.102 851.852
-1
4
68.219 791.602
68.785 791.602
68.785 842.015
68.219 842.015
-1
4
160.699 837.113
167.785 837.113
167.785 837.68
160.699 837.68
-1
4
17.125 837.68
20.668 837.68
20.668 841.223
17.125 841.223
-1
4
24.211 837.68
27.754 837.68
27.754 841.223
24.211 841.223
-1
4
195.566 837.68
199.109 837.68
199.109 841.223
195.566 841.223
-1
4
202.652 837.68
206.195 837.68
206.195 841.223
202.652 841.223
-1
4
195.566 738.465
199.109 738.465
199.109 742.012
195.566 742.012
-1
4
119.879 747.039
125.551 747.039
125.551 752.711
119.879 752.711
-1
4
25.699 750.582
39.375 750.582
39.375 751.152
25.699 751.152
-1
4
105.141 747.039
110.809 747.039
110.809 752.711
105.141 752.711
-1
4
39.941 755.402
104.574 755.402
104.574 755.969
39.941 755.969
-1
4
188.477 745.555
192.02 745.555
192.02 749.094
188.477 749.094
-1
4
121.213 754.836
183.375 754.836
183.375 755.402
121.213 755.402
-1
4
195.566 745.555
199.109 745.555
199.109 749.094
195.566 749.094
-1
4
112.512 754.41
118.18 754.41
118.18 760.082
112.512 760.082
-1
4
105.141 761.781
110.809 761.781
110.809 767.449
105.141 767.449
-1
4
38.016 759.09
102.105 759.09
102.105 759.656
38.016 759.656
-1
4
195.566 752.641
199.109 752.641
199.109 756.184
195.566 756.184
-1
4
119.879 761.781
125.551 761.781
125.551 767.449
119.879 767.449
-1
4
55.727 775.672
57.219 775.672
57.219 776.238
55.727 776.238
-1
4
195.566 724.293
199.109 724.293
199.109 727.836
195.566 727.836
-1
4
112.512 724.93
118.18 724.93
118.18 730.602
112.512 730.602
-1
4
105.141 732.301
110.809 732.301
110.809 737.969
105.141 737.969
-1
4
95.926 736.977
102.445 736.977
102.445 737.547
95.926 737.547
-1
4
118.746 736.41
128.242 736.41
128.242 736.977
118.746 736.977
-1
4
112.512 739.672
118.18 739.672
118.18 745.34
112.512 745.34
-1
4
97.77 769.152
103.441 769.152
103.441 774.82
97.77 774.82
-1
4
105.141 717.559
110.809 717.559
110.809 723.23
105.141 723.23
-1
4
51.285 702.82
105.707 702.82
105.707 703.387
51.285 703.387
-1
4
119.879 717.559
125.551 717.559
125.551 723.23
119.879 723.23
-1
4
31.297 717.207
34.84 717.207
34.84 720.75
31.297 720.75
-1
4
202.652 710.121
206.195 710.121
206.195 713.664
202.652 713.664
-1
4
140.289 710.191
160.133 710.191
160.133 729.465
140.289 729.465
-1
4
63.188 711.324
83.031 711.324
83.031 730.602
63.188 730.602
-1
4
24.211 738.465
27.754 738.465
27.754 742.012
24.211 742.012
-1
4
97.77 739.672
103.441 739.672
103.441 745.34
97.77 745.34
