-1
4
-0.123 689.326
223.443 689.326
223.443 862.014
-0.123 862.014
-1
4
121.367 842.355
171.201 842.355
171.201 842.922
121.367 842.922
-1
4
119.879 738.535
122.43 738.535
122.43 741.939
119.879 741.939
-1
4
125.323 741.656
181.109 741.656
181.109 742.223
125.323 742.223
-1
4
119.879 745.906
122.43 745.906
122.43 749.308
119.879 749.308
-1
4
38.809 757.527
105.368 757.527
105.368 758.094
38.809 758.094
-1
4
105.141 745.906
107.691 745.906
107.691 749.308
105.141 749.308
-1
4
182.809 747.039
189.894 747.039
189.894 747.609
182.809 747.609
-1
4
115.629 750.442
118.18 750.442
118.18 753.844
115.629 753.844
-1
4
111.375 757.527
114.779 757.527
114.779 760.082
111.375 760.082
-1
4
96.637 764.898
100.038 764.898
100.038 767.449
96.637 767.449
-1
4
105.141 760.648
107.691 760.648
107.691 764.048
105.141 764.048
-1
4
185.078 754.129
185.645 754.129
185.645 758.181
185.078 758.181
-1
4
115.913 761.781
119.313 761.781
119.313 764.332
115.913 764.332
-1
4
125.323 763.766
186.777 763.766
186.777 764.332
125.323 764.332
-1
6
81.047 720.113
84.164 720.113
84.164 716.992
91.535 716.992
91.535 711.324
81.047 711.324
-1
4
25.699 729.324
46.18 729.324
46.18 729.891
25.699 729.891
-1
4
111.375 728.047
114.779 728.047
114.779 730.602
111.375 730.602
-1
4
117.953 726.914
130.793 726.914
130.793 727.48
117.953 727.48
-1
4
33.423 732.867
45.043 732.867
45.043 733.434
33.423 733.434
-1
4
94.367 735.418
105.368 735.418
105.368 735.988
94.367 735.988
-1
4
117.953 734.285
129.177 734.285
129.177 734.852
117.953 734.852
-1
4
25.699 736.41
43.91 736.41
43.91 736.977
25.699 736.977
-1
4
112.512 738.535
115.063 738.535
115.063 741.939
112.512 741.939
-1
4
35.406 761.215
35.973 761.215
35.973 772.836
35.406 772.836
-1
4
100.887 772.553
103.441 772.553
103.441 775.953
100.887 775.953
-1
4
18.613 714.559
51.512 714.559
51.512 715.129
18.613 715.129
-1
4
108.258 720.962
110.809 720.962
110.809 724.363
108.258 724.363
-1
4
202.652 717.207
206.195 717.207
206.195 720.75
202.652 720.75
-1
4
112.512 702.82
172.033 702.82
172.033 703.387
112.512 703.387
-1
4
112.512 716.426
115.063 716.426
115.063 719.827
112.512 719.827
-1
4
96.637 720.68
100.038 720.68
100.038 723.23
96.637 723.23
-1
4
195.566 717.207
199.109 717.207
199.109 720.75
195.566 720.75
-1
4
118.746 720.68
122.148 720.68
122.148 723.23
118.746 723.23
-1
4
126.117 720.68
131.786 720.68
131.786 723.23
126.117 723.23
-1
4
100.887 750.442
103.441 750.442
103.441 753.844
100.887 753.844
-1
4
101.173 739.672
104.574 739.672
104.574 742.223
101.173 742.223
-1
4
42.211 742.789
97.998 742.789
97.998 743.355
42.211 743.355
