-1
4
-0.123 689.326
223.443 689.326
223.443 862.014
-0.123 862.014
-1
4
123.282 739.672
126.684 739.672
126.684 742.223
123.282 742.223
-1
4
122.996 750.442
125.551 750.442
125.551 753.844
122.996 753.844
-1
4
104.008 757.527
107.408 757.527
107.408 760.082
104.008 760.082
-1
4
108.258 750.442
110.809 750.442
110.809 753.844
108.258 753.844
-1
4
115.913 747.039
119.313 747.039
119.313 749.594
115.913 749.594
-1
4
182.809 747.381
183.375 747.381
183.375 755.062
182.809 755.062
-1
4
115.913 754.41
119.313 754.41
119.313 756.961
115.913 756.961
-1
4
26.039 757.672
37.109 757.672
37.109 758.238
26.039 758.238
-1
4
97.77 760.648
100.32 760.648
100.32 764.048
97.77 764.048
-1
4
108.542 761.781
111.941 761.781
111.941 764.332
108.542 764.332
-1
4
115.629 765.182
118.18 765.182
118.18 768.582
115.629 768.582
-1
4
185.418 754.129
189.894 754.129
189.894 754.695
185.418 754.695
-1
4
186.211 757.672
197.621 757.672
197.621 758.238
186.211 758.238
-1
4
123.282 761.781
126.684 761.781
126.684 764.332
123.282 764.332
-1
4
101.173 769.152
104.574 769.152
104.574 771.703
101.173 771.703
-1
4
61.695 775.672
63.187 775.672
63.187 776.238
61.695 776.238
-1
4
160.133 775.672
161.625 775.672
161.625 776.238
160.133 776.238
-1
4
91.532 717.559
97.203 717.559
97.203 720.113
91.532 720.113
-1
4
127.25 716.426
138.59 716.426
138.59 723.23
127.25 723.23
-1
4
108.258 728.333
110.809 728.333
110.809 731.734
108.258 731.734
-1
4
92.809 730.035
105.368 730.035
105.368 730.602
92.809 730.602
-1
4
45.953 733.363
93.375 733.363
93.375 733.93
45.953 733.93
-1
4
115.629 728.333
118.18 728.333
118.18 731.734
115.629 731.734
-1
4
44.477 736.41
94.934 736.41
94.934 736.977
44.477 736.977
-1
4
104.008 735.418
107.408 735.418
107.408 737.969
104.008 737.969
-1
4
111.375 735.418
114.779 735.418
114.779 737.969
111.375 737.969
-1
4
43.344 739.457
96.154 739.457
96.154 740.023
43.344 740.023
-1
4
108.258 743.073
110.809 743.073
110.809 746.473
108.258 746.473
-1
4
115.913 739.672
119.313 739.672
119.313 742.223
115.913 742.223
-1
4
35.746 772.27
97.998 772.27
97.998 772.836
35.746 772.836
-1
4
104.008 720.68
107.408 720.68
107.408 723.23
104.008 723.23
-1
4
105.141 703.16
105.707 703.16
105.707 716.879
105.141 716.879
-1
4
111.375 720.68
114.779 720.68
114.779 723.23
111.375 723.23
-1
4
54.93 703.953
98.336 703.953
98.336 704.523
54.93 704.523
-1
4
41.078 750.16
97.998 750.16
97.998 750.727
41.078 750.727
-1
4
26.039 743.5
41.305 743.5
41.305 744.066
26.039 744.066
-1
4
96.637 742.789
100.038 742.789
100.038 745.34
96.637 745.34
-1
4
180.543 739.953
189.894 739.953
189.894 740.523
180.543 740.523
