-1
4
-0.123 689.326
223.443 689.326
223.443 862.014
-0.123 862.014
-1
4
178.035 775.672
179.527 775.672
179.527 776.238
178.035 776.238
-1
4
166.098 775.672
167.594 775.672
167.594 776.238
166.098 776.238
-1
4
57.59 777.938
100.887 777.938
100.887 778.504
57.59 778.504
-1
4
68.219 841.789
79.414 841.789
79.414 842.355
68.219 842.355
-1
4
77.359 848.309
80.902 848.309
80.902 851.852
77.359 851.852
-1
4
170.973 820.176
171.543 820.176
171.543 842.922
170.973 842.922
-1
4
119.879 848.309
123.422 848.309
123.422 851.852
119.879 851.852
-1
4
70.273 830.594
70.84 830.594
70.84 837.68
70.273 837.68
-1
4
118.746 742.789
122.148 742.789
122.148 745.34
118.746 745.34
-1
4
125.323 749.023
182.242 749.023
182.242 749.594
125.323 749.594
-1
4
105.141 753.277
107.691 753.277
107.691 756.679
105.141 756.679
-1
4
38.809 750.924
39.375 750.924
39.375 757.754
38.809 757.754
-1
4
112.512 745.906
115.063 745.906
115.063 749.308
112.512 749.308
-1
4
117.16 753.277
121.099 753.277
121.099 753.844
117.16 753.844
-1
4
112.512 753.277
115.063 753.277
115.063 756.679
112.512 756.679
-1
4
117.953 756.395
184.168 756.395
184.168 756.961
117.953 756.961
-1
4
100.887 765.182
103.441 765.182
103.441 768.582
100.887 768.582
-1
4
36.543 764.898
97.998 764.898
97.998 765.469
36.543 765.469
-1
4
101.879 760.648
106.161 760.648
106.161 761.215
101.879 761.215
-1
4
111.375 764.898
114.779 764.898
114.779 767.449
111.375 767.449
-1
4
119.879 760.648
122.43 760.648
122.43 764.048
119.879 764.048
-1
4
33.423 761.215
35.633 761.215
35.633 761.781
33.423 761.781
-1
4
59.258 705.09
94.594 705.09
94.594 705.656
59.258 705.656
-1
4
81.047 724.93
91.535 724.93
91.535 730.602
81.047 730.602
-1
4
105.141 723.797
107.691 723.797
107.691 727.199
105.141 727.199
-1
4
112.512 723.797
115.063 723.797
115.063 727.199
112.512 727.199
-1
4
177.141 729.664
177.707 729.664
177.707 732.457
177.141 732.457
-1
4
108.258 735.702
110.809 735.702
110.809 739.105
108.258 739.105
-1
4
94.367 735.76
94.934 735.76
94.934 736.637
94.367 736.637
-1
4
44.477 733.207
45.043 733.207
45.043 736.637
44.477 736.637
-1
4
128.949 734.285
129.52 734.285
129.52 735.844
128.949 735.844
-1
4
115.629 735.702
118.18 735.702
118.18 739.105
115.629 739.105
-1
4
101.879 738.535
106.161 738.535
106.161 739.105
101.879 739.105
-1
4
104.008 742.789
107.408 742.789
107.408 745.34
104.008 745.34
-1
4
179.406 736.75
179.973 736.75
179.973 738.551
179.406 738.551
-1
4
40.809 775.672
42.301 775.672
42.301 776.238
40.809 776.238
-1
4
108.542 717.559
111.941 717.559
111.941 720.113
108.542 720.113
-1
4
115.913 717.559
119.313 717.559
119.313 720.113
115.913 720.113
-1
4
24.211 717.207
27.754 717.207
27.754 720.75
24.211 720.75
-1
4
97.77 716.426
100.32 716.426
100.32 719.827
97.77 719.827
-1
4
167.82 715.742
197.621 715.742
197.621 716.309
167.82 716.309
-1
4
123.282 717.559
126.684 717.559
126.684 720.113
123.282 720.113
-1
4
163.836 705.09
164.402 705.09
164.402 718.922
163.836 718.922
-1
4
134.054 716.426
139.723 716.426
139.723 720.113
134.054 720.113
-1
4
183.164 708.066
186.707 708.066
186.707 708.632
183.164 708.632
-1
4
17.125 710.121
20.668 710.121
20.668 713.664
17.125 713.664
-1
4
24.211 710.121
27.754 710.121
27.754 713.664
24.211 713.664
-1
4
97.77 745.906
100.32 745.906
100.32 749.308
97.77 749.308
-1
4
42.211 740.295
42.777 740.295
42.777 743.015
42.211 743.015
