-1
4
-0.123 689.326
223.443 689.326
223.443 862.014
-0.123 862.014
-1
4
100.109 804.656
100.676 804.656
100.676 849.726
100.109 849.726
-1
4
181.676 743.5
197.621 743.5
197.621 744.066
181.676 744.066
-1
4
118.746 750.16
122.148 750.16
122.148 752.711
118.746 752.711
-1
4
24.211 745.555
27.754 745.555
27.754 749.094
24.211 749.094
-1
4
108.258 757.813
110.809 757.813
110.809 761.215
108.258 761.215
-1
4
33.423 747.039
40.508 747.039
40.508 747.609
33.423 747.609
-1
4
104.008 750.16
107.408 750.16
107.408 752.711
104.008 752.711
-1
4
111.375 750.16
114.779 750.16
114.779 752.711
111.375 752.711
-1
4
183.941 750.582
197.621 750.582
197.621 751.152
183.941 751.152
-1
4
115.629 757.813
118.18 757.813
118.18 761.215
115.629 761.215
-1
4
101.173 761.781
104.574 761.781
104.574 764.332
101.173 764.332
-1
4
37.676 754.469
38.242 754.469
38.242 759.656
37.676 759.656
-1
4
108.258 765.182
110.809 765.182
110.809 768.582
108.258 768.582
-1
4
118.746 764.898
122.148 764.898
122.148 767.449
118.746 767.449
-1
4
104.008 728.047
107.408 728.047
107.408 730.602
104.008 730.602
-1
4
177.141 729.324
197.621 729.324
197.621 729.891
177.141 729.891
-1
4
115.913 724.93
119.313 724.93
119.313 727.48
115.913 727.48
-1
4
31.297 731.379
34.84 731.379
34.84 734.922
31.297 734.922
-1
4
108.542 732.301
111.941 732.301
111.941 734.852
108.542 734.852
-1
4
178.273 732.867
189.894 732.867
189.894 733.434
178.273 733.434
-1
4
115.913 732.301
119.313 732.301
119.313 734.852
115.913 734.852
-1
4
105.141 738.535
107.691 738.535
107.691 741.939
105.141 741.939
-1
4
179.406 736.41
197.621 736.41
197.621 736.977
179.406 736.977
-1
4
127.676 736.75
128.242 736.75
128.242 738.551
127.676 738.551
-1
4
111.375 742.789
114.779 742.789
114.779 745.34
111.375 745.34
-1
4
105.141 716.426
107.691 716.426
107.691 719.827
105.141 719.827
-1
4
25.699 715.742
55.496 715.742
55.496 716.309
25.699 716.309
-1
4
100.887 720.962
103.441 720.962
103.441 724.363
100.887 724.363
-1
4
119.879 716.426
122.43 716.426
122.43 719.827
119.879 719.827
-1
4
84.73 717.559
96.066 717.559
96.066 724.363
84.73 724.363
-1
4
163.836 718.695
189.894 718.695
189.894 719.262
163.836 719.262
-1
4
127.59 705.09
164.062 705.09
164.062 705.656
127.59 705.656
-1
4
195.566 710.121
199.109 710.121
199.109 713.664
195.566 713.664
-1
4
158.149 725.781
189.894 725.781
189.894 726.348
158.149 726.348
-1
4
96.637 750.16
100.038 750.16
100.038 752.711
96.637 752.711
-1
4
33.423 739.953
42.777 739.953
42.777 740.523
33.423 740.523
-1
4
100.887 743.073
103.441 743.073
103.441 746.473
100.887 746.473
-1
4
119.879 739.672
125.551 739.672
125.551 745.34
119.879 745.34
