-1
4
-0.123 689.326
223.443 689.326
223.443 862.014
-0.123 862.014
-1
4
57.59 778.278
58.156 778.278
58.156 849.726
57.59 849.726
-1
4
68.219 791.262
93.234 791.262
93.234 791.828
68.219 791.828
-1
4
98.621 848.309
102.164 848.309
102.164 851.852
98.621 851.852
-1
4
167.219 830.594
167.785 830.594
167.785 837.34
167.219 837.34
-1
4
19.251 839.168
25.628 839.168
25.628 839.734
19.251 839.734
-1
4
197.692 839.168
204.069 839.168
204.069 839.734
197.692 839.734
-1
4
172.066 775.672
173.558 775.672
173.558 776.238
172.066 776.238
-1
4
123.282 747.039
126.684 747.039
126.684 749.594
123.282 749.594
-1
4
105.141 754.41
110.809 754.41
110.809 760.082
105.141 760.082
-1
4
31.297 745.555
34.84 745.555
34.84 749.094
31.297 749.094
-1
4
39.941 747.381
40.508 747.381
40.508 755.629
39.941 755.629
-1
4
112.512 747.039
118.18 747.039
118.18 752.711
112.512 752.711
-1
4
24.211 752.641
27.754 752.641
27.754 756.184
24.211 756.184
-1
4
97.77 761.781
103.441 761.781
103.441 767.449
97.77 767.449
-1
4
31.297 752.641
34.84 752.641
34.84 756.184
31.297 756.184
-1
4
188.477 752.641
192.02 752.641
192.02 756.184
188.477 756.184
-1
4
118.746 757.953
185.645 757.953
185.645 758.523
118.746 758.523
-1
4
112.512 761.781
118.18 761.781
118.18 767.449
112.512 767.449
-1
4
31.297 759.727
34.84 759.727
34.84 763.27
31.297 763.27
-1
4
52.742 775.672
54.234 775.672
54.234 776.238
52.742 776.238
-1
4
58.711 775.672
60.203 775.672
60.203 776.238
58.711 776.238
-1
4
33.423 718.695
59.484 718.695
59.484 719.262
33.423 719.262
-1
4
188.477 717.207
192.02 717.207
192.02 720.75
188.477 720.75
-1
4
24.211 724.293
27.754 724.293
27.754 727.836
24.211 727.836
-1
4
105.141 724.93
110.809 724.93
110.809 730.602
105.141 730.602
-1
4
130.227 732.23
177.707 732.23
177.707 732.797
130.227 732.797
-1
4
188.477 731.379
192.02 731.379
192.02 734.922
188.477 734.922
-1
4
112.512 732.301
118.18 732.301
118.18 737.969
112.512 737.969
-1
4
129.292 735.277
178.84 735.277
178.84 735.844
129.292 735.844
-1
4
24.211 731.379
27.754 731.379
27.754 734.922
24.211 734.922
-1
4
105.141 739.672
110.809 739.672
110.809 745.34
105.141 745.34
-1
4
195.566 731.379
199.109 731.379
199.109 734.922
195.566 734.922
-1
4
127.676 738.324
179.973 738.324
179.973 738.891
127.676 738.891
-1
4
96.637 772.27
100.038 772.27
100.038 774.82
96.637 774.82
-1
4
34.84 775.672
36.332 775.672
36.332 776.238
34.84 776.238
-1
4
46.777 775.672
48.265 775.672
48.265 776.238
46.777 776.238
-1
4
188.477 699.488
213.281 699.488
213.281 706.578
188.477 706.578
-1
4
17.125 717.207
20.668 717.207
20.668 720.75
17.125 720.75
-1
4
171.805 714.559
204.707 714.559
204.707 715.129
171.805 715.129
-1
4
112.512 717.559
118.18 717.559
118.18 723.23
112.512 723.23
-1
4
97.77 717.559
103.441 717.559
103.441 723.23
97.77 723.23
-1
4
119.879 703.953
168.387 703.953
168.387 704.523
119.879 704.523
-1
4
122.996 720.962
125.551 720.962
125.551 724.363
122.996 724.363
-1
4
188.477 724.293
192.02 724.293
192.02 727.836
188.477 727.836
-1
4
131.785 710.191
142.273 710.191
142.273 715.859
131.785 715.859
-1
6
131.785 729.465
142.273 729.465
142.273 720.68
139.156 720.68
139.156 723.797
131.785 723.797
-1
4
31.297 724.293
34.84 724.293
34.84 727.836
31.297 727.836
-1
4
97.77 747.039
103.441 747.039
103.441 752.711
97.77 752.711
-1
4
31.297 738.465
34.84 738.465
34.84 742.012
31.297 742.012
-1
4
97.77 738.535
100.32 738.535
100.32 741.939
97.77 741.939
-1
4
188.477 738.465
192.02 738.465
192.02 742.012
188.477 742.012
