-1
4
175.051 775.672
176.543 775.672
176.543 776.238
175.051 776.238
-1
4
178.035 775.672
179.527 775.672
179.527 776.238
178.035 776.238
-1
4
181.02 775.672
182.512 775.672
182.512 776.238
181.02 776.238
-1
4
184.004 775.672
185.492 775.672
185.492 776.238
184.004 776.238
-1
4
166.098 775.672
167.594 775.672
167.594 776.238
166.098 776.238
-1
4
186.988 775.672
188.476 775.672
188.476 776.238
186.988 776.238
-1
4
57.59 777.938
100.887 777.938
100.887 778.504
57.59 778.504
-1
4
56.102 848.309
59.645 848.309
59.645 851.852
56.102 851.852
-1
4
57.59 778.278
58.156 778.278
58.156 849.726
57.59 849.726
-1
4
68.219 791.262
93.234 791.262
93.234 791.828
68.219 791.828
-1
4
68.219 841.789
79.414 841.789
79.414 842.355
68.219 842.355
-1
4
77.359 848.309
80.902 848.309
80.902 851.852
77.359 851.852
-1
4
68.219 791.602
68.785 791.602
68.785 842.015
68.219 842.015
-1
4
78.848 842.129
79.414 842.129
79.414 849.726
78.848 849.726
-1
4
70.273 801.113
70.839 801.113
70.839 815.851
70.273 815.851
-1
4
167.219 801.113
167.785 801.113
167.785 815.851
167.219 815.851
-1
4
98.621 848.309
102.164 848.309
102.164 851.852
98.621 851.852
-1
4
100.109 804.656
100.676 804.656
100.676 849.726
100.109 849.726
-1
4
170.973 820.176
171.543 820.176
171.543 842.922
170.973 842.922
-1
4
119.879 848.309
123.422 848.309
123.422 851.852
119.879 851.852
-1
4
155.879 820.176
171.201 820.176
171.201 820.742
155.879 820.742
-1
4
121.367 842.355
171.201 842.355
171.201 842.922
121.367 842.922
-1
4
121.367 842.695
121.934 842.695
121.934 849.726
121.367 849.726
-1
4
70.273 830.594
70.84 830.594
70.84 837.68
70.273 837.68
-1
4
70.613 837.113
77.359 837.113
77.359 837.68
70.613 837.68
-1
4
160.699 837.113
167.785 837.113
167.785 837.68
160.699 837.68
-1
4
167.219 830.594
167.785 830.594
167.785 837.34
167.219 837.34
-1
4
10.039 837.68
13.578 837.68
13.578 841.223
10.039 841.223
-1
4
17.125 837.68
20.668 837.68
20.668 841.223
17.125 841.223
-1
4
24.211 837.68
27.754 837.68
27.754 841.223
24.211 841.223
-1
4
19.251 839.168
25.628 839.168
25.628 839.734
19.251 839.734
-1
4
31.297 837.68
34.84 837.68
34.84 841.223
31.297 841.223
-1
4
41.645 837.68
42.211 837.68
42.211 841.223
41.645 841.223
-1
4
181.109 837.68
181.675 837.68
181.675 841.223
181.109 841.223
-1
4
188.477 837.68
192.02 837.68
192.02 841.223
188.477 841.223
-1
4
195.566 837.68
199.109 837.68
199.109 841.223
195.566 841.223
-1
4
202.652 837.68
206.195 837.68
206.195 841.223
202.652 841.223
-1
4
197.692 839.168
204.069 839.168
204.069 839.734
197.692 839.734
-1
4
209.738 837.68
213.281 837.68
213.281 841.223
209.738 841.223
-1
4
36.613 842.711
40.156 842.711
40.156 843.277
36.613 843.277
-1
4
43.699 842.711
47.242 842.711
47.242 843.277
43.699 843.277
-1
4
176.078 842.711
179.621 842.711
179.621 843.277
176.078 843.277
-1
4
183.164 842.711
186.707 842.711
186.707 843.277
183.164 843.277
-1
4
41.645 844.766
42.211 844.766
42.211 848.309
41.645 848.309
-1
4
181.109 844.766
181.675 844.766
181.675 848.309
181.109 848.309
-1
4
169.082 775.672
170.574 775.672
170.574 776.238
169.082 776.238
-1
4
172.066 775.672
173.558 775.672
173.558 776.238
172.066 776.238
-1
4
119.879 738.535
122.43 738.535
122.43 741.939
119.879 741.939
-1
4
123.282 739.672
126.684 739.672
126.684 742.223
123.282 742.223
-1
4
118.746 742.789
122.148 742.789
122.148 745.34
118.746 745.34
-1
4
122.996 743.073
125.551 743.073
125.551 746.473
122.996 746.473
-1
4
125.323 741.656
181.109 741.656
181.109 742.223
125.323 742.223
-1
4
180.543 740.295
181.109 740.295
181.109 741.883
180.543 741.883
-1
4
195.566 738.465
199.109 738.465
199.109 742.012
195.566 742.012
-1
4
181.676 743.5
197.621 743.5
197.621 744.066
181.676 744.066
-1
4
119.879 747.039
125.551 747.039
125.551 752.711
119.879 752.711
-1
4
197.055 740.593
197.621 740.593
197.621 743.726
197.055 743.726
-1
4
119.879 745.906
122.43 745.906
122.43 749.308
119.879 749.308
-1
4
123.282 747.039
126.684 747.039
126.684 749.594
123.282 749.594
-1
4
118.746 750.16
122.148 750.16
122.148 752.711
118.746 752.711
-1
4
122.996 750.442
125.551 750.442
125.551 753.844
122.996 753.844
-1
4
181.676 743.84
182.242 743.84
182.242 749.251
181.676 749.251
-1
4
125.323 749.023
182.242 749.023
182.242 749.594
125.323 749.594
-1
4
24.211 745.555
27.754 745.555
27.754 749.094
24.211 749.094
-1
4
25.699 750.582
39.375 750.582
39.375 751.152
25.699 751.152
-1
4
105.141 754.41
110.809 754.41
110.809 760.082
105.141 760.082
-1
4
25.699 747.678
26.266 747.678
26.266 750.81
25.699 750.81
-1
4
105.141 753.277
107.691 753.277
107.691 756.679
105.141 756.679
-1
4
108.542 754.41
111.941 754.41
111.941 756.961
108.542 756.961
-1
4
104.008 757.527
107.408 757.527
107.408 760.082
104.008 760.082
-1
4
108.258 757.813
110.809 757.813
110.809 761.215
108.258 761.215
-1
4
38.809 750.924
39.375 750.924
39.375 757.754
38.809 757.754
-1
4
38.809 757.527
105.368 757.527
105.368 758.094
38.809 758.094
-1
4
31.297 745.555
34.84 745.555
34.84 749.094
31.297 749.094
-1
4
105.141 747.039
110.809 747.039
110.809 752.711
105.141 752.711
-1
4
39.941 755.402
104.574 755.402
104.574 755.969
39.941 755.969
-1
4
33.423 747.039
40.508 747.039
40.508 747.609
33.423 747.609
-1
4
105.141 745.906
107.691 745.906
107.691 749.308
105.141 749.308
-1
4
108.542 747.039
111.941 747.039
111.941 749.594
108.542 749.594
-1
4
104.008 750.16
107.408 750.16
107.408 752.711
104.008 752.711
-1
4
108.258 750.442
110.809 750.442
110.809 753.844
108.258 753.844
-1
4
39.941 747.381
40.508 747.381
40.508 755.629
39.941 755.629
-1
4
104.008 751.691
104.574 751.691
104.574 755.629
104.008 755.629
-1
4
188.477 745.555
192.02 745.555
192.02 749.094
188.477 749.094
-1
4
112.512 747.039
118.18 747.039
118.18 752.711
112.512 752.711
-1
4
120.871 753.277
121.441 753.277
121.441 755.402
120.871 755.402
-1
4
182.809 747.039
189.894 747.039
189.894 747.609
182.809 747.609
-1
4
112.512 745.906
115.063 745.906
115.063 749.308
112.512 749.308
-1
4
115.913 747.039
119.313 747.039
119.313 749.594
115.913 749.594
-1
4
111.375 750.16
114.779 750.16
114.779 752.711
111.375 752.711
-1
4
115.629 750.442
118.18 750.442
118.18 753.844
115.629 753.844
-1
4
121.213 754.836
183.375 754.836
183.375 755.402
121.213 755.402
-1
4
182.809 747.381
183.375 747.381
183.375 755.062
182.809 755.062
-1
4
117.16 753.277
121.099 753.277
121.099 753.844
117.16 753.844
-1
4
195.566 745.555
199.109 745.555
199.109 749.094
195.566 749.094
-1
4
183.941 750.582
197.621 750.582
197.621 751.152
183.941 751.152
-1
4
112.512 754.41
118.18 754.41
118.18 760.082
112.512 760.082
-1
4
183.941 750.924
184.508 750.924
184.508 756.961
183.941 756.961
-1
4
197.055 747.678
197.621 747.678
197.621 750.81
197.055 750.81
-1
4
112.512 753.277
115.063 753.277
115.063 756.679
112.512 756.679
-1
4
115.913 754.41
119.313 754.41
119.313 756.961
115.913 756.961
-1
4
111.375 757.527
114.779 757.527
114.779 760.082
111.375 760.082
-1
4
115.629 757.813
118.18 757.813
118.18 761.215
115.629 761.215
-1
4
117.953 756.395
184.168 756.395
184.168 756.961
117.953 756.961
-1
4
24.211 752.641
27.754 752.641
27.754 756.184
24.211 756.184
-1
4
97.77 761.781
103.441 761.781
103.441 767.449
97.77 767.449
-1
4
25.699 754.767
26.266 754.767
26.266 758.238
25.699 758.238
-1
4
26.039 757.672
37.109 757.672
37.109 758.238
26.039 758.238
-1
4
97.77 760.648
100.32 760.648
100.32 764.048
97.77 764.048
-1
4
101.173 761.781
104.574 761.781
104.574 764.332
101.173 764.332
-1
4
96.637 764.898
100.038 764.898
100.038 767.449
96.637 767.449
-1
4
100.887 765.182
103.441 765.182
103.441 768.582
100.887 768.582
-1
4
36.543 758.012
37.109 758.012
37.109 765.126
36.543 765.126
-1
4
36.543 764.898
97.998 764.898
97.998 765.469
36.543 765.469
-1
4
31.297 752.641
34.84 752.641
34.84 756.184
31.297 756.184
-1
4
105.141 761.781
110.809 761.781
110.809 767.449
105.141 767.449
-1
4
33.423 754.129
38.242 754.129
38.242 754.695
33.423 754.695
-1
4
37.676 754.469
38.242 754.469
38.242 759.656
37.676 759.656
-1
4
101.879 759.09
102.445 759.09
102.445 760.875
101.879 760.875
-1
4
101.879 760.648
106.161 760.648
106.161 761.215
101.879 761.215
-1
4
105.141 760.648
107.691 760.648
107.691 764.048
105.141 764.048
-1
4
108.542 761.781
111.941 761.781
111.941 764.332
108.542 764.332
-1
4
104.008 764.898
107.408 764.898
107.408 767.449
104.008 767.449
-1
4
108.258 765.182
110.809 765.182
110.809 768.582
108.258 768.582
-1
4
38.016 759.09
102.105 759.09
102.105 759.656
38.016 759.656
-1
4
188.477 752.641
192.02 752.641
192.02 756.184
188.477 756.184
-1
4
118.746 757.953
185.645 757.953
185.645 758.523
118.746 758.523
-1
4
112.512 761.781
118.18 761.781
118.18 767.449
112.512 767.449
-1
4
185.078 754.129
185.645 754.129
185.645 758.181
185.078 758.181
-1
4
112.512 760.648
115.063 760.648
115.063 764.048
112.512 764.048
-1
4
115.913 761.781
119.313 761.781
119.313 764.332
115.913 764.332
-1
4
111.375 764.898
114.779 764.898
114.779 767.449
111.375 767.449
-1
4
115.629 765.182
118.18 765.182
118.18 768.582
115.629 768.582
-1
4
185.418 754.129
189.894 754.129
189.894 754.695
185.418 754.695
-1
4
118.746 758.295
119.313 758.295
119.313 762.801
118.746 762.801
-1
4
195.566 752.641
199.109 752.641
199.109 756.184
195.566 756.184
-1
4
186.211 757.672
197.621 757.672
197.621 758.238
186.211 758.238
-1
4
119.879 761.781
125.551 761.781
125.551 767.449
119.879 767.449
-1
4
197.055 754.767
197.621 754.767
197.621 757.898
197.055 757.898
-1
4
119.879 760.648
122.43 760.648
122.43 764.048
119.879 764.048
-1
4
123.282 761.781
126.684 761.781
126.684 764.332
123.282 764.332
-1
4
118.746 764.898
122.148 764.898
122.148 767.449
118.746 767.449
-1
4
122.996 765.182
125.551 765.182
125.551 768.582
122.996 768.582
-1
4
186.211 758.012
186.777 758.012
186.777 763.992
186.211 763.992
-1
4
125.323 763.766
186.777 763.766
186.777 764.332
125.323 764.332
-1
4
31.297 759.727
34.84 759.727
34.84 763.27
31.297 763.27
-1
4
33.423 761.215
35.633 761.215
35.633 761.781
33.423 761.781
-1
4
97.77 768.016
100.32 768.016
100.32 771.419
97.77 771.419
-1
4
101.173 769.152
104.574 769.152
104.574 771.703
101.173 771.703
-1
4
49.762 775.672
51.25 775.672
51.25 776.238
49.762 776.238
-1
4
52.742 775.672
54.234 775.672
54.234 776.238
52.742 776.238
-1
4
55.727 775.672
57.219 775.672
57.219 776.238
55.727 776.238
-1
4
58.711 775.672
60.203 775.672
60.203 776.238
58.711 776.238
-1
4
61.695 775.672
63.187 775.672
63.187 776.238
61.695 776.238
-1
4
160.133 775.672
161.625 775.672
161.625 776.238
160.133 776.238
-1
4
163.117 775.672
164.609 775.672
164.609 776.238
163.117 776.238
-1
4
94.367 705.09
94.934 705.09
94.934 720.281
94.367 720.281
-1
4
33.423 718.695
59.484 718.695
59.484 719.262
33.423 719.262
-1
4
91.532 717.559
97.203 717.559
97.203 720.113
91.532 720.113
-1
4
83.598 720.68
89.264 720.68
89.264 724.363
83.598 724.363
-1
4
59.258 705.09
94.594 705.09
94.594 705.656
59.258 705.656
-1
4
127.25 716.426
138.59 716.426
138.59 723.23
127.25 723.23
-1
4
188.477 717.207
192.02 717.207
192.02 720.75
188.477 720.75
-1
4
127.25 705.09
127.816 705.09
127.816 719.148
127.25 719.148
-1
4
81.047 724.93
91.535 724.93
91.535 730.602
81.047 730.602
-1
6
81.047 720.113
84.164 720.113
84.164 716.992
91.535 716.992
91.535 711.324
81.047 711.324
-1
4
33.423 725.781
65.172 725.781
65.172 726.348
33.423 726.348
-1
4
24.211 724.293
27.754 724.293
27.754 727.836
24.211 727.836
-1
4
105.141 724.93
110.809 724.93
110.809 730.602
105.141 730.602
-1
4
25.699 729.324
46.18 729.324
46.18 729.891
25.699 729.891
-1
4
105.141 723.797
107.691 723.797
107.691 727.199
105.141 727.199
-1
4
108.542 724.93
111.941 724.93
111.941 727.48
108.542 727.48
-1
4
104.008 728.047
107.408 728.047
107.408 730.602
104.008 730.602
-1
4
108.258 728.333
110.809 728.333
110.809 731.734
108.258 731.734
-1
4
45.613 729.664
46.18 729.664
46.18 733.93
45.613 733.93
-1
4
25.699 726.419
26.266 726.419
26.266 729.551
25.699 729.551
-1
4
92.809 730.035
105.368 730.035
105.368 730.602
92.809 730.602
-1
4
45.953 733.363
93.375 733.363
93.375 733.93
45.953 733.93
-1
4
92.809 730.375
93.375 730.375
93.375 733.59
92.809 733.59
-1
4
195.566 724.293
199.109 724.293
199.109 727.836
195.566 727.836
-1
4
112.512 724.93
118.18 724.93
118.18 730.602
112.512 730.602
-1
4
177.141 729.324
197.621 729.324
197.621 729.891
177.141 729.891
-1
4
130.227 732.23
177.707 732.23
177.707 732.797
130.227 732.797
-1
4
112.512 723.797
115.063 723.797
115.063 727.199
112.512 727.199
-1
4
115.913 724.93
119.313 724.93
119.313 727.48
115.913 727.48
-1
4
111.375 728.047
114.779 728.047
114.779 730.602
111.375 730.602
-1
4
115.629 728.333
118.18 728.333
118.18 731.734
115.629 731.734
-1
4
117.953 726.914
130.793 726.914
130.793 727.48
117.953 727.48
-1
4
197.055 726.419
197.621 726.419
197.621 729.551
197.055 729.551
-1
4
130.227 727.254
130.793 727.254
130.793 732.457
130.227 732.457
-1
4
177.141 729.664
177.707 729.664
177.707 732.457
177.141 732.457
-1
4
31.297 731.379
34.84 731.379
34.84 734.922
31.297 734.922
-1
4
105.141 732.301
110.809 732.301
110.809 737.969
105.141 737.969
-1
4
44.477 736.41
94.934 736.41
94.934 736.977
44.477 736.977
-1
4
105.141 731.168
107.691 731.168
107.691 734.568
105.141 734.568
-1
4
33.423 732.867
45.043 732.867
45.043 733.434
33.423 733.434
-1
4
108.542 732.301
111.941 732.301
111.941 734.852
108.542 734.852
-1
4
104.008 735.418
107.408 735.418
107.408 737.969
104.008 737.969
-1
4
108.258 735.702
110.809 735.702
110.809 739.105
108.258 739.105
-1
4
94.367 735.418
105.368 735.418
105.368 735.988
94.367 735.988
-1
4
94.367 735.76
94.934 735.76
94.934 736.637
94.367 736.637
-1
4
44.477 733.207
45.043 733.207
45.043 736.637
44.477 736.637
-1
4
188.477 731.379
192.02 731.379
192.02 734.922
188.477 734.922
-1
4
112.512 732.301
118.18 732.301
118.18 737.969
112.512 737.969
-1
4
128.949 734.285
129.52 734.285
129.52 735.844
128.949 735.844
-1
4
112.512 731.168
115.063 731.168
115.063 734.568
112.512 734.568
-1
4
178.273 732.867
189.894 732.867
189.894 733.434
178.273 733.434
-1
4
115.913 732.301
119.313 732.301
119.313 734.852
115.913 734.852
-1
4
111.375 735.418
114.779 735.418
114.779 737.969
111.375 737.969
-1
4
115.629 735.702
118.18 735.702
118.18 739.105
115.629 739.105
-1
4
129.292 735.277
178.84 735.277
178.84 735.844
129.292 735.844
-1
4
178.273 733.207
178.84 733.207
178.84 735.504
178.273 735.504
-1
4
117.953 734.285
129.177 734.285
129.177 734.852
117.953 734.852
-1
4
24.211 731.379
27.754 731.379
27.754 734.922
24.211 734.922
-1
4
25.699 736.41
43.91 736.41
43.91 736.977
25.699 736.977
-1
4
95.926 736.977
102.445 736.977
102.445 737.547
95.926 737.547
-1
4
105.141 739.672
110.809 739.672
110.809 745.34
105.141 745.34
-1
4
25.699 733.505
26.266 733.505
26.266 736.637
25.699 736.637
-1
4
95.926 737.319
96.496 737.319
96.496 740.023
95.926 740.023
-1
4
101.879 738.535
106.161 738.535
106.161 739.105
101.879 739.105
-1
4
105.141 738.535
107.691 738.535
107.691 741.939
105.141 741.939
-1
4
43.344 736.75
43.91 736.75
43.91 739.683
43.344 739.683
-1
4
43.344 739.457
96.154 739.457
96.154 740.023
43.344 740.023
-1
4
108.542 739.672
111.941 739.672
111.941 742.223
108.542 742.223
-1
4
104.008 742.789
107.408 742.789
107.408 745.34
104.008 745.34
-1
4
108.258 743.073
110.809 743.073
110.809 746.473
108.258 746.473
-1
4
101.879 737.319
102.445 737.319
102.445 738.763
101.879 738.763
-1
4
195.566 731.379
199.109 731.379
199.109 734.922
195.566 734.922
-1
4
118.746 736.41
128.242 736.41
128.242 736.977
118.746 736.977
-1
4
179.406 736.41
197.621 736.41
197.621 736.977
179.406 736.977
-1
4
127.676 738.324
179.973 738.324
179.973 738.891
127.676 738.891
-1
4
112.512 739.672
118.18 739.672
118.18 745.34
112.512 745.34
-1
4
197.055 733.505
197.621 733.505
197.621 736.637
197.055 736.637
-1
4
127.676 736.75
128.242 736.75
128.242 738.551
127.676 738.551
-1
4
179.406 736.75
179.973 736.75
179.973 738.551
179.406 738.551
-1
4
112.512 738.535
115.063 738.535
115.063 741.939
112.512 741.939
-1
4
115.913 739.672
119.313 739.672
119.313 742.223
115.913 742.223
-1
4
111.375 742.789
114.779 742.789
114.779 745.34
111.375 745.34
-1
4
115.629 743.073
118.18 743.073
118.18 746.473
115.629 746.473
-1
4
35.406 761.215
35.973 761.215
35.973 772.836
35.406 772.836
-1
4
97.77 769.152
103.441 769.152
103.441 774.82
97.77 774.82
-1
4
96.637 772.27
100.038 772.27
100.038 774.82
96.637 774.82
-1
4
100.887 772.553
103.441 772.553
103.441 775.953
100.887 775.953
-1
4
35.746 772.27
97.998 772.27
97.998 772.836
35.746 772.836
-1
4
34.84 775.672
36.332 775.672
36.332 776.238
34.84 776.238
-1
4
37.824 775.672
39.316 775.672
39.316 776.238
37.824 776.238
-1
4
40.809 775.672
42.301 775.672
42.301 776.238
40.809 776.238
-1
4
43.793 775.672
45.285 775.672
45.285 776.238
43.793 776.238
-1
4
46.777 775.672
48.265 775.672
48.265 776.238
46.777 776.238
-1
4
188.477 699.488
213.281 699.488
213.281 706.578
188.477 706.578
-1
4
188.477 703.742
192.02 703.742
192.02 713.664
188.477 713.664
-1
4
18.613 714.559
51.512 714.559
51.512 715.129
18.613 715.129
-1
4
17.125 717.207
20.668 717.207
20.668 720.75
17.125 720.75
-1
4
105.141 717.559
110.809 717.559
110.809 723.23
105.141 723.23
-1
4
51.285 702.82
105.707 702.82
105.707 703.387
51.285 703.387
-1
4
50.945 702.82
51.512 702.82
51.512 714.787
50.945 714.787
-1
4
105.141 716.426
107.691 716.426
107.691 719.827
105.141 719.827
-1
4
18.613 714.901
19.18 714.901
19.18 718.624
18.613 718.624
-1
4
108.542 717.559
111.941 717.559
111.941 720.113
108.542 720.113
-1
4
104.008 720.68
107.408 720.68
107.408 723.23
104.008 723.23
-1
4
108.258 720.962
110.809 720.962
110.809 724.363
108.258 724.363
-1
4
105.141 703.16
105.707 703.16
105.707 716.879
105.141 716.879
-1
4
171.805 714.559
204.707 714.559
204.707 715.129
171.805 715.129
-1
4
202.652 717.207
206.195 717.207
206.195 720.75
202.652 720.75
-1
4
112.512 717.559
118.18 717.559
118.18 723.23
112.512 723.23
-1
4
112.512 702.82
172.033 702.82
172.033 703.387
112.512 703.387
-1
4
171.805 702.82
172.375 702.82
172.375 714.787
171.805 714.787
-1
4
112.512 716.426
115.063 716.426
115.063 719.827
112.512 719.827
-1
4
204.141 714.901
204.707 714.901
204.707 718.624
204.141 718.624
-1
4
115.913 717.559
119.313 717.559
119.313 720.113
115.913 720.113
-1
4
111.375 720.68
114.779 720.68
114.779 723.23
111.375 723.23
-1
4
115.629 720.962
118.18 720.962
118.18 724.363
115.629 724.363
-1
4
112.512 703.16
113.078 703.16
113.078 716.879
112.512 716.879
-1
4
41.645 703.035
42.211 703.035
42.211 706.578
41.645 706.578
-1
4
181.109 703.035
181.675 703.035
181.675 706.578
181.109 706.578
-1
4
54.93 703.953
98.336 703.953
98.336 704.523
54.93 704.523
-1
4
25.699 715.742
55.496 715.742
55.496 716.309
25.699 716.309
-1
4
24.211 717.207
27.754 717.207
27.754 720.75
24.211 720.75
-1
4
97.77 717.559
103.441 717.559
103.441 723.23
97.77 723.23
-1
4
54.93 704.295
55.496 704.295
55.496 715.969
54.93 715.969
-1
4
97.77 716.426
100.32 716.426
100.32 719.827
97.77 719.827
-1
4
25.699 716.082
26.266 716.082
26.266 718.624
25.699 718.624
-1
4
101.173 717.559
104.574 717.559
104.574 720.113
101.173 720.113
-1
4
96.637 720.68
100.038 720.68
100.038 723.23
96.637 723.23
-1
4
100.887 720.962
103.441 720.962
103.441 724.363
100.887 724.363
-1
4
97.77 704.295
98.336 704.295
98.336 717.787
97.77 717.787
-1
4
119.879 703.953
168.387 703.953
168.387 704.523
119.879 704.523
-1
4
167.82 715.742
197.621 715.742
197.621 716.309
167.82 716.309
-1
4
195.566 717.207
199.109 717.207
199.109 720.75
195.566 720.75
-1
4
119.879 717.559
125.551 717.559
125.551 723.23
119.879 723.23
-1
4
167.82 704.295
168.387 704.295
168.387 715.969
167.82 715.969
-1
4
119.879 716.426
122.43 716.426
122.43 719.827
119.879 719.827
-1
4
197.055 716.082
197.621 716.082
197.621 718.624
197.055 718.624
-1
4
123.282 717.559
126.684 717.559
126.684 720.113
123.282 720.113
-1
4
118.746 720.68
122.148 720.68
122.148 723.23
118.746 723.23
-1
4
122.996 720.962
125.551 720.962
125.551 724.363
122.996 724.363
-1
4
119.879 704.295
120.445 704.295
120.445 717.787
119.879 717.787
-1
4
31.297 717.207
34.84 717.207
34.84 720.75
31.297 720.75
-1
4
84.73 717.559
96.066 717.559
96.066 724.363
84.73 724.363
-1
4
58.918 705.09
59.484 705.09
59.484 718.922
58.918 718.922
-1
4
163.836 705.09
164.402 705.09
164.402 718.922
163.836 718.922
-1
4
134.054 716.426
139.723 716.426
139.723 720.113
134.054 720.113
-1
4
126.117 720.68
131.786 720.68
131.786 723.23
126.117 723.23
-1
4
163.836 718.695
189.894 718.695
189.894 719.262
163.836 719.262
-1
4
127.59 705.09
164.062 705.09
164.062 705.656
127.59 705.656
-1
4
36.613 708.066
40.156 708.066
40.156 708.632
36.613 708.632
-1
4
43.699 708.066
47.242 708.066
47.242 708.632
43.699 708.632
-1
4
176.078 708.066
179.621 708.066
179.621 708.632
176.078 708.632
-1
4
183.164 708.066
186.707 708.066
186.707 708.632
183.164 708.632
-1
4
10.039 710.121
13.578 710.121
13.578 713.664
10.039 713.664
-1
4
17.125 710.121
20.668 710.121
20.668 713.664
17.125 713.664
-1
4
24.211 710.121
27.754 710.121
27.754 713.664
24.211 713.664
-1
4
19.251 711.609
25.628 711.609
25.628 712.176
19.251 712.176
-1
4
41.645 710.121
42.211 710.121
42.211 713.664
41.645 713.664
-1
4
181.109 710.121
181.675 710.121
181.675 713.664
181.109 713.664
-1
4
195.566 710.121
199.109 710.121
199.109 713.664
195.566 713.664
-1
4
202.652 710.121
206.195 710.121
206.195 713.664
202.652 713.664
-1
4
197.692 711.609
204.069 711.609
204.069 712.176
197.692 712.176
-1
4
209.738 710.121
213.281 710.121
213.281 713.664
209.738 713.664
-1
4
140.289 710.191
160.133 710.191
160.133 729.465
140.289 729.465
-1
4
188.477 724.293
192.02 724.293
192.02 727.836
188.477 727.836
-1
4
131.785 710.191
142.273 710.191
142.273 715.859
131.785 715.859
-1
6
131.785 729.465
142.273 729.465
142.273 720.68
139.156 720.68
139.156 723.797
131.785 723.797
-1
4
158.149 725.781
189.894 725.781
189.894 726.348
158.149 726.348
-1
4
63.188 711.324
83.031 711.324
83.031 730.602
63.188 730.602
-1
4
31.297 724.293
34.84 724.293
34.84 727.836
31.297 727.836
-1
4
118.746 736.75
119.313 736.75
119.313 740.692
118.746 740.692
-1
4
24.211 738.465
27.754 738.465
27.754 742.012
24.211 742.012
-1
4
97.77 747.039
103.441 747.039
103.441 752.711
97.77 752.711
-1
4
25.699 740.593
26.266 740.593
26.266 744.066
25.699 744.066
-1
4
41.078 743.5
41.645 743.5
41.645 750.387
41.078 750.387
-1
4
97.77 745.906
100.32 745.906
100.32 749.308
97.77 749.308
-1
4
101.173 747.039
104.574 747.039
104.574 749.594
101.173 749.594
-1
4
96.637 750.16
100.038 750.16
100.038 752.711
96.637 752.711
-1
4
100.887 750.442
103.441 750.442
103.441 753.844
100.887 753.844
-1
4
41.078 750.16
97.998 750.16
97.998 750.727
41.078 750.727
-1
4
26.039 743.5
41.305 743.5
41.305 744.066
26.039 744.066
-1
4
31.297 738.465
34.84 738.465
34.84 742.012
31.297 742.012
-1
4
97.77 739.672
103.441 739.672
103.441 745.34
97.77 745.34
-1
4
33.423 739.953
42.777 739.953
42.777 740.523
33.423 740.523
-1
4
97.77 738.535
100.32 738.535
100.32 741.939
97.77 741.939
-1
4
101.173 739.672
104.574 739.672
104.574 742.223
101.173 742.223
-1
4
96.637 742.789
100.038 742.789
100.038 745.34
96.637 745.34
-1
4
100.887 743.073
103.441 743.073
103.441 746.473
100.887 746.473
-1
4
42.211 742.789
97.998 742.789
97.998 743.355
42.211 743.355
-1
4
42.211 740.295
42.777 740.295
42.777 743.015
42.211 743.015
-1
4
188.477 738.465
192.02 738.465
192.02 742.012
188.477 742.012
-1
4
119.879 739.672
125.551 739.672
125.551 745.34
119.879 745.34
-1
4
180.543 739.953
189.894 739.953
189.894 740.523
180.543 740.523
