-1
4
-0.123 689.326
223.443 689.326
223.443 862.014
-0.123 862.014
-1
4
44.477 736.41
94.934 736.41
94.934 736.977
44.477 736.977
-1
4
112.512 732.301
118.18 732.301
118.18 737.969
112.512 737.969
-1
4
105.141 739.672
110.809 739.672
110.809 745.34
105.141 745.34
-1
4
43.344 739.457
96.154 739.457
96.154 740.023
43.344 740.023
-1
4
179.406 736.41
197.621 736.41
197.621 736.977
179.406 736.977
-1
4
97.77 747.039
103.441 747.039
103.441 752.711
97.77 752.711
-1
4
119.879 739.672
125.551 739.672
125.551 745.34
119.879 745.34
-1
4
112.512 717.559
118.18 717.559
118.18 723.23
112.512 723.23
-1
4
97.77 717.559
103.441 717.559
103.441 723.23
97.77 723.23
-1
4
188.477 717.207
192.02 717.207
192.02 720.75
188.477 720.75
-1
4
183.164 708.066
186.707 708.066
186.707 708.632
183.164 708.632
-1
4
181.109 710.121
181.675 710.121
181.675 713.664
181.109 713.664
-1
4
140.289 710.191
160.133 710.191
160.133 729.465
140.289 729.465
-1
4
188.477 724.293
192.02 724.293
192.02 727.836
188.477 727.836
-1
4
63.188 711.324
83.031 711.324
83.031 730.602
63.188 730.602
-1
4
105.141 724.93
110.809 724.93
110.809 730.602
105.141 730.602
-1
4
105.141 754.41
110.809 754.41
110.809 760.082
105.141 760.082
-1
4
112.512 747.039
118.18 747.039
118.18 752.711
112.512 752.711
-1
4
121.213 754.836
183.375 754.836
183.375 755.402
121.213 755.402
-1
4
97.77 761.781
103.441 761.781
103.441 767.449
97.77 767.449
-1
4
31.297 752.641
34.84 752.641
34.84 756.184
31.297 756.184
-1
4
38.016 759.09
102.105 759.09
102.105 759.656
38.016 759.656
-1
4
188.477 752.641
192.02 752.641
192.02 756.184
188.477 756.184
-1
4
118.746 757.953
185.645 757.953
185.645 758.523
118.746 758.523
-1
4
119.879 761.781
125.551 761.781
125.551 767.449
119.879 767.449
-1
4
49.762 775.672
51.25 775.672
51.25 776.238
49.762 776.238
