-1
4
-0.123 689.326
223.443 689.326
223.443 862.014
-0.123 862.014
-1
4
45.613 729.664
46.18 729.664
46.18 733.93
45.613 733.93
-1
4
25.699 726.419
26.266 726.419
26.266 729.551
25.699 729.551
-1
4
92.809 730.035
105.368 730.035
105.368 730.602
92.809 730.602
-1
4
117.953 726.914
130.793 726.914
130.793 727.48
117.953 727.48
-1
4
31.297 731.379
34.84 731.379
34.84 734.922
31.297 734.922
-1
4
128.949 734.285
129.52 734.285
129.52 735.844
128.949 735.844
-1
4
112.512 731.168
115.063 731.168
115.063 734.568
112.512 734.568
-1
4
178.273 733.207
178.84 733.207
178.84 735.504
178.273 735.504
-1
4
105.141 738.535
107.691 738.535
107.691 741.939
105.141 741.939
-1
4
112.512 738.535
115.063 738.535
115.063 741.939
112.512 741.939
-1
4
101.173 747.039
104.574 747.039
104.574 749.594
101.173 749.594
-1
4
41.078 750.16
97.998 750.16
97.998 750.727
41.078 750.727
-1
4
26.039 743.5
41.305 743.5
41.305 744.066
26.039 744.066
-1
4
33.423 739.953
42.777 739.953
42.777 740.523
33.423 740.523
-1
4
97.77 738.535
100.32 738.535
100.32 741.939
97.77 741.939
-1
4
180.543 739.953
189.894 739.953
189.894 740.523
180.543 740.523
-1
4
119.879 738.535
122.43 738.535
122.43 741.939
119.879 741.939
-1
4
119.879 745.906
122.43 745.906
122.43 749.308
119.879 749.308
-1
4
105.141 716.426
107.691 716.426
107.691 719.827
105.141 719.827
-1
4
111.375 720.68
114.779 720.68
114.779 723.23
111.375 723.23
-1
4
41.645 703.035
42.211 703.035
42.211 706.578
41.645 706.578
-1
4
100.887 720.962
103.441 720.962
103.441 724.363
100.887 724.363
-1
4
119.879 703.953
168.387 703.953
168.387 704.523
119.879 704.523
-1
4
91.532 717.559
97.203 717.559
97.203 720.113
91.532 720.113
-1
4
134.054 716.426
139.723 716.426
139.723 720.113
134.054 720.113
-1
4
126.117 720.68
131.786 720.68
131.786 723.23
126.117 723.23
-1
4
36.613 708.066
40.156 708.066
40.156 708.632
36.613 708.632
-1
4
43.699 708.066
47.242 708.066
47.242 708.632
43.699 708.632
-1
4
19.251 711.609
25.628 711.609
25.628 712.176
19.251 712.176
-1
4
158.149 725.781
189.894 725.781
189.894 726.348
158.149 726.348
-1
4
55.727 775.672
57.219 775.672
57.219 776.238
55.727 776.238
-1
4
61.695 775.672
63.187 775.672
63.187 776.238
61.695 776.238
-1
4
178.035 775.672
179.527 775.672
179.527 776.238
178.035 776.238
-1
4
170.973 820.176
171.543 820.176
171.543 842.922
170.973 842.922
-1
4
108.258 750.442
110.809 750.442
110.809 753.844
108.258 753.844
-1
4
182.809 747.039
189.894 747.039
189.894 747.609
182.809 747.609
-1
4
112.512 745.906
115.063 745.906
115.063 749.308
112.512 749.308
-1
4
117.16 753.277
121.099 753.277
121.099 753.844
117.16 753.844
-1
4
111.375 757.527
114.779 757.527
114.779 760.082
111.375 760.082
-1
4
117.953 756.395
184.168 756.395
184.168 756.961
117.953 756.961
-1
4
100.887 765.182
103.441 765.182
103.441 768.582
100.887 768.582
-1
4
37.676 754.469
38.242 754.469
38.242 759.656
37.676 759.656
-1
4
101.879 760.648
106.161 760.648
106.161 761.215
101.879 761.215
-1
4
108.258 765.182
110.809 765.182
110.809 768.582
108.258 768.582
-1
4
115.913 761.781
119.313 761.781
119.313 764.332
115.913 764.332
-1
4
186.211 757.672
197.621 757.672
197.621 758.238
186.211 758.238
-1
4
122.996 765.182
125.551 765.182
125.551 768.582
122.996 768.582
-1
4
35.406 761.215
35.973 761.215
35.973 772.836
35.406 772.836
-1
4
43.793 775.672
45.285 775.672
45.285 776.238
43.793 776.238
