-1
4
-0.123 689.326
223.443 689.326
223.443 862.014
-0.123 862.014
-1
4
104.008 728.047
107.408 728.047
107.408 730.602
104.008 730.602
-1
4
177.141 729.324
197.621 729.324
197.621 729.891
177.141 729.891
-1
4
115.913 724.93
119.313 724.93
119.313 727.48
115.913 727.48
-1
4
104.008 735.418
107.408 735.418
107.408 737.969
104.008 737.969
-1
4
115.913 732.301
119.313 732.301
119.313 734.852
115.913 734.852
-1
4
129.292 735.277
178.84 735.277
178.84 735.844
129.292 735.844
-1
4
25.699 736.41
43.91 736.41
43.91 736.977
25.699 736.977
-1
4
104.008 742.789
107.408 742.789
107.408 745.34
104.008 745.34
-1
4
127.676 738.324
179.973 738.324
179.973 738.891
127.676 738.891
-1
4
112.512 739.672
118.18 739.672
118.18 745.34
112.512 745.34
-1
4
100.887 750.442
103.441 750.442
103.441 753.844
100.887 753.844
-1
4
96.637 742.789
100.038 742.789
100.038 745.34
96.637 745.34
-1
4
105.141 717.559
110.809 717.559
110.809 723.23
105.141 723.23
-1
4
112.512 702.82
172.033 702.82
172.033 703.387
112.512 703.387
-1
4
115.913 717.559
119.313 717.559
119.313 720.113
115.913 720.113
-1
4
97.77 716.426
100.32 716.426
100.32 719.827
97.77 719.827
-1
4
195.566 717.207
199.109 717.207
199.109 720.75
195.566 720.75
-1
4
122.996 720.962
125.551 720.962
125.551 724.363
122.996 724.363
-1
4
41.645 710.121
42.211 710.121
42.211 713.664
41.645 713.664
-1
4
202.652 710.121
206.195 710.121
206.195 713.664
202.652 713.664
-1
6
81.047 720.113
84.164 720.113
84.164 716.992
91.535 716.992
91.535 711.324
81.047 711.324
-1
4
25.699 729.324
46.18 729.324
46.18 729.891
25.699 729.891
-1
4
58.711 775.672
60.203 775.672
60.203 776.238
58.711 776.238
-1
4
169.082 775.672
170.574 775.672
170.574 776.238
169.082 776.238
-1
4
122.996 750.442
125.551 750.442
125.551 753.844
122.996 753.844
-1
4
104.008 757.527
107.408 757.527
107.408 760.082
104.008 760.082
-1
4
39.941 747.381
40.508 747.381
40.508 755.629
39.941 755.629
-1
4
115.629 750.442
118.18 750.442
118.18 753.844
115.629 753.844
-1
4
183.941 750.582
197.621 750.582
197.621 751.152
183.941 751.152
-1
4
97.77 760.648
100.32 760.648
100.32 764.048
97.77 764.048
-1
4
104.008 764.898
107.408 764.898
107.408 767.449
104.008 767.449
-1
4
112.512 761.781
118.18 761.781
118.18 767.449
112.512 767.449
-1
4
123.282 761.781
126.684 761.781
126.684 764.332
123.282 764.332
-1
4
96.637 772.27
100.038 772.27
100.038 774.82
96.637 774.82
