-1
4
-0.123 689.326
223.443 689.326
223.443 862.014
-0.123 862.014
-1
4
45.953 733.363
93.375 733.363
93.375 733.93
45.953 733.93
-1
4
112.512 724.93
118.18 724.93
118.18 730.602
112.512 730.602
-1
4
105.141 732.301
110.809 732.301
110.809 737.969
105.141 737.969
-1
4
188.477 731.379
192.02 731.379
192.02 734.922
188.477 734.922
-1
4
95.926 736.977
102.445 736.977
102.445 737.547
95.926 737.547
-1
4
118.746 736.41
128.242 736.41
128.242 736.977
118.746 736.977
-1
4
97.77 739.672
103.441 739.672
103.441 745.34
97.77 745.34
-1
4
188.477 738.465
192.02 738.465
192.02 742.012
188.477 742.012
-1
4
123.282 739.672
126.684 739.672
126.684 742.223
123.282 742.223
-1
4
119.879 747.039
125.551 747.039
125.551 752.711
119.879 752.711
-1
4
188.477 699.488
213.281 699.488
213.281 706.578
188.477 706.578
-1
4
51.285 702.82
105.707 702.82
105.707 703.387
51.285 703.387
-1
4
181.109 703.035
181.675 703.035
181.675 706.578
181.109 706.578
-1
4
25.699 715.742
55.496 715.742
55.496 716.309
25.699 716.309
-1
4
119.879 717.559
125.551 717.559
125.551 723.23
119.879 723.23
-1
4
84.73 717.559
96.066 717.559
96.066 724.363
84.73 724.363
-1
4
163.836 718.695
189.894 718.695
189.894 719.262
163.836 719.262
-1
4
127.59 705.09
164.062 705.09
164.062 705.656
127.59 705.656
-1
4
17.125 710.121
20.668 710.121
20.668 713.664
17.125 713.664
-1
4
24.211 710.121
27.754 710.121
27.754 713.664
24.211 713.664
-1
4
131.785 710.191
142.273 710.191
142.273 715.859
131.785 715.859
-1
6
131.785 729.465
142.273 729.465
142.273 720.68
139.156 720.68
139.156 723.797
131.785 723.797
-1
4
105.141 723.797
107.691 723.797
107.691 727.199
105.141 727.199
-1
4
172.066 775.672
173.558 775.672
173.558 776.238
172.066 776.238
-1
4
56.102 848.309
59.645 848.309
59.645 851.852
56.102 851.852
-1
4
25.699 750.582
39.375 750.582
39.375 751.152
25.699 751.152
-1
4
105.141 747.039
110.809 747.039
110.809 752.711
105.141 752.711
-1
4
39.941 755.402
104.574 755.402
104.574 755.969
39.941 755.969
-1
4
188.477 745.555
192.02 745.555
192.02 749.094
188.477 749.094
-1
4
182.809 747.381
183.375 747.381
183.375 755.062
182.809 755.062
-1
4
112.512 754.41
118.18 754.41
118.18 760.082
112.512 760.082
-1
4
26.039 757.672
37.109 757.672
37.109 758.238
26.039 758.238
-1
4
105.141 761.781
110.809 761.781
110.809 767.449
105.141 767.449
-1
4
185.418 754.129
189.894 754.129
189.894 754.695
185.418 754.695
-1
4
97.77 769.152
103.441 769.152
103.441 774.82
97.77 774.82
