-1
4
-0.123 689.326
223.443 689.326
223.443 862.014
-0.123 862.014
-1
4
111.375 728.047
114.779 728.047
114.779 730.602
111.375 730.602
-1
4
105.141 731.168
107.691 731.168
107.691 734.568
105.141 734.568
-1
4
178.273 732.867
189.894 732.867
189.894 733.434
178.273 733.434
-1
4
111.375 735.418
114.779 735.418
114.779 737.969
111.375 737.969
-1
4
117.953 734.285
129.177 734.285
129.177 734.852
117.953 734.852
-1
4
24.211 731.379
27.754 731.379
27.754 734.922
24.211 734.922
-1
4
95.926 737.319
96.496 737.319
96.496 740.023
95.926 740.023
-1
4
43.344 736.75
43.91 736.75
43.91 739.683
43.344 739.683
-1
4
108.258 743.073
110.809 743.073
110.809 746.473
108.258 746.473
-1
4
115.913 739.672
119.313 739.672
119.313 742.223
115.913 742.223
-1
4
96.637 750.16
100.038 750.16
100.038 752.711
96.637 752.711
-1
4
31.297 738.465
34.84 738.465
34.84 742.012
31.297 742.012
-1
4
101.173 739.672
104.574 739.672
104.574 742.223
101.173 742.223
-1
4
42.211 742.789
97.998 742.789
97.998 743.355
42.211 743.355
-1
4
125.323 741.656
181.109 741.656
181.109 742.223
125.323 742.223
-1
4
195.566 738.465
199.109 738.465
199.109 742.012
195.566 742.012
-1
4
108.258 720.962
110.809 720.962
110.809 724.363
108.258 724.363
-1
4
171.805 714.559
204.707 714.559
204.707 715.129
171.805 715.129
-1
4
112.512 716.426
115.063 716.426
115.063 719.827
112.512 719.827
-1
4
119.879 716.426
122.43 716.426
122.43 719.827
119.879 719.827
-1
4
31.297 717.207
34.84 717.207
34.84 720.75
31.297 720.75
-1
4
59.258 705.09
94.594 705.09
94.594 705.656
59.258 705.656
-1
4
127.25 716.426
138.59 716.426
138.59 723.23
127.25 723.23
-1
4
176.078 708.066
179.621 708.066
179.621 708.632
176.078 708.632
-1
4
81.047 724.93
91.535 724.93
91.535 730.602
81.047 730.602
-1
4
24.211 724.293
27.754 724.293
27.754 727.836
24.211 727.836
-1
4
160.133 775.672
161.625 775.672
161.625 776.238
160.133 776.238
-1
4
57.59 778.278
58.156 778.278
58.156 849.726
57.59 849.726
-1
4
68.219 791.602
68.785 791.602
68.785 842.015
68.219 842.015
-1
4
121.367 842.355
171.201 842.355
171.201 842.922
121.367 842.922
-1
4
123.282 747.039
126.684 747.039
126.684 749.594
123.282 749.594
-1
4
24.211 745.555
27.754 745.555
27.754 749.094
24.211 749.094
-1
4
108.542 754.41
111.941 754.41
111.941 756.961
108.542 756.961
-1
4
38.809 757.527
105.368 757.527
105.368 758.094
38.809 758.094
-1
4
31.297 745.555
34.84 745.555
34.84 749.094
31.297 749.094
-1
4
104.008 750.16
107.408 750.16
107.408 752.711
104.008 752.711
-1
4
115.913 747.039
119.313 747.039
119.313 749.594
115.913 749.594
-1
4
195.566 745.555
199.109 745.555
199.109 749.094
195.566 749.094
-1
4
115.913 754.41
119.313 754.41
119.313 756.961
115.913 756.961
-1
4
96.637 764.898
100.038 764.898
100.038 767.449
96.637 767.449
-1
4
105.141 760.648
107.691 760.648
107.691 764.048
105.141 764.048
-1
4
112.512 760.648
115.063 760.648
115.063 764.048
112.512 764.048
-1
4
119.879 760.648
122.43 760.648
122.43 764.048
119.879 764.048
-1
4
31.297 759.727
34.84 759.727
34.84 763.27
31.297 763.27
-1
4
100.887 772.553
103.441 772.553
103.441 775.953
100.887 775.953
-1
4
35.746 772.27
97.998 772.27
97.998 772.836
35.746 772.836
