-1
4
-0.123 689.326
223.443 689.326
223.443 862.014
-0.123 862.014
-1
4
51.285 702.82
105.707 702.82
105.707 703.387
51.285 703.387
-1
4
108.258 720.962
110.809 720.962
110.809 724.363
108.258 724.363
-1
4
202.652 717.207
206.195 717.207
206.195 720.75
202.652 720.75
-1
4
115.913 717.559
119.313 717.559
119.313 720.113
115.913 720.113
-1
4
101.173 717.559
104.574 717.559
104.574 720.113
101.173 720.113
-1
4
195.566 717.207
199.109 717.207
199.109 720.75
195.566 720.75
-1
4
91.532 717.559
97.203 717.559
97.203 720.113
91.532 720.113
-1
4
127.59 705.09
164.062 705.09
164.062 705.656
127.59 705.656
-1
4
24.211 724.293
27.754 724.293
27.754 727.836
24.211 727.836
-1
4
104.008 728.047
107.408 728.047
107.408 730.602
104.008 730.602
-1
4
115.913 724.93
119.313 724.93
119.313 727.48
115.913 727.48
-1
4
108.542 732.301
111.941 732.301
111.941 734.852
108.542 734.852
-1
4
94.367 735.418
105.368 735.418
105.368 735.988
94.367 735.988
-1
4
178.273 732.867
189.894 732.867
189.894 733.434
178.273 733.434
-1
4
117.953 734.285
129.177 734.285
129.177 734.852
117.953 734.852
-1
4
25.699 736.41
43.91 736.41
43.91 736.977
25.699 736.977
-1
4
101.879 738.535
106.161 738.535
106.161 739.105
101.879 739.105
-1
4
104.008 742.789
107.408 742.789
107.408 745.34
104.008 745.34
-1
4
127.676 738.324
179.973 738.324
179.973 738.891
127.676 738.891
-1
4
100.887 750.442
103.441 750.442
103.441 753.844
100.887 753.844
-1
4
41.078 750.16
97.998 750.16
97.998 750.727
41.078 750.727
-1
4
125.323 741.656
181.109 741.656
181.109 742.223
125.323 742.223
-1
4
119.879 745.906
122.43 745.906
122.43 749.308
119.879 749.308
-1
4
125.323 749.023
182.242 749.023
182.242 749.594
125.323 749.594
-1
4
38.809 757.527
105.368 757.527
105.368 758.094
38.809 758.094
-1
4
31.297 745.555
34.84 745.555
34.84 749.094
31.297 749.094
-1
4
108.542 747.039
111.941 747.039
111.941 749.594
108.542 749.594
-1
4
115.629 750.442
118.18 750.442
118.18 753.844
115.629 753.844
-1
4
195.566 745.555
199.109 745.555
199.109 749.094
195.566 749.094
-1
4
96.637 764.898
100.038 764.898
100.038 767.449
96.637 767.449
-1
4
101.879 760.648
106.161 760.648
106.161 761.215
101.879 761.215
-1
4
104.008 764.898
107.408 764.898
107.408 767.449
104.008 767.449
-1
4
112.512 760.648
115.063 760.648
115.063 764.048
112.512 764.048
-1
4
119.879 760.648
122.43 760.648
122.43 764.048
119.879 764.048
-1
4
181.02 775.672
182.512 775.672
182.512 776.238
181.02 776.238
-1
4
57.59 777.938
100.887 777.938
100.887 778.504
57.59 778.504
-1
4
68.219 841.789
79.414 841.789
79.414 842.355
68.219 842.355
-1
4
119.879 848.309
123.422 848.309
123.422 851.852
119.879 851.852
-1
4
160.699 837.113
167.785 837.113
167.785 837.68
160.699 837.68
-1
4
202.652 837.68
206.195 837.68
206.195 841.223
202.652 841.223
