-1
4
-0.123 689.326
223.443 689.326
223.443 862.014
-0.123 862.014
-1
4
115.629 720.962
118.18 720.962
118.18 724.363
115.629 724.363
-1
4
100.887 720.962
103.441 720.962
103.441 724.363
100.887 724.363
-1
4
167.82 715.742
197.621 715.742
197.621 716.309
167.82 716.309
-1
4
84.73 717.559
96.066 717.559
96.066 724.363
84.73 724.363
-1
4
59.258 705.09
94.594 705.09
94.594 705.656
59.258 705.656
-1
4
127.25 716.426
138.59 716.426
138.59 723.23
127.25 723.23
-1
4
181.109 710.121
181.675 710.121
181.675 713.664
181.109 713.664
-1
4
108.258 728.333
110.809 728.333
110.809 731.734
108.258 731.734
-1
4
195.566 724.293
199.109 724.293
199.109 727.836
195.566 727.836
-1
4
130.227 732.23
177.707 732.23
177.707 732.797
130.227 732.797
-1
4
115.629 728.333
118.18 728.333
118.18 731.734
115.629 731.734
-1
4
104.008 735.418
107.408 735.418
107.408 737.969
104.008 737.969
-1
4
44.477 733.207
45.043 733.207
45.043 736.637
44.477 736.637
-1
4
188.477 731.379
192.02 731.379
192.02 734.922
188.477 734.922
-1
4
111.375 735.418
114.779 735.418
114.779 737.969
111.375 737.969
-1
4
129.292 735.277
178.84 735.277
178.84 735.844
129.292 735.844
-1
4
108.258 743.073
110.809 743.073
110.809 746.473
108.258 746.473
-1
4
115.913 739.672
119.313 739.672
119.313 742.223
115.913 742.223
-1
4
97.77 747.039
103.441 747.039
103.441 752.711
97.77 752.711
-1
4
26.039 743.5
41.305 743.5
41.305 744.066
26.039 744.066
-1
4
33.423 739.953
42.777 739.953
42.777 740.523
33.423 740.523
-1
4
97.77 738.535
100.32 738.535
100.32 741.939
97.77 741.939
-1
4
188.477 738.465
192.02 738.465
192.02 742.012
188.477 742.012
-1
4
123.282 739.672
126.684 739.672
126.684 742.223
123.282 742.223
-1
4
123.282 747.039
126.684 747.039
126.684 749.594
123.282 749.594
-1
4
108.542 754.41
111.941 754.41
111.941 756.961
108.542 756.961
-1
4
39.941 747.381
40.508 747.381
40.508 755.629
39.941 755.629
-1
4
182.809 747.039
189.894 747.039
189.894 747.609
182.809 747.609
-1
4
115.913 747.039
119.313 747.039
119.313 749.594
115.913 749.594
-1
4
115.913 754.41
119.313 754.41
119.313 756.961
115.913 756.961
-1
4
100.887 765.182
103.441 765.182
103.441 768.582
100.887 768.582
-1
4
105.141 760.648
107.691 760.648
107.691 764.048
105.141 764.048
-1
4
185.078 754.129
185.645 754.129
185.645 758.181
185.078 758.181
-1
4
111.375 764.898
114.779 764.898
114.779 767.449
111.375 767.449
-1
4
123.282 761.781
126.684 761.781
126.684 764.332
123.282 764.332
-1
4
100.887 772.553
103.441 772.553
103.441 775.953
100.887 775.953
-1
4
35.746 772.27
97.998 772.27
97.998 772.836
35.746 772.836
-1
4
121.367 842.355
171.201 842.355
171.201 842.922
121.367 842.922
