-1
4
-0.123 689.326
223.443 689.326
223.443 862.014
-0.123 862.014
-1
4
17.125 717.207
20.668 717.207
20.668 720.75
17.125 720.75
-1
4
105.141 717.559
110.809 717.559
110.809 723.23
105.141 723.23
-1
4
41.645 703.035
42.211 703.035
42.211 706.578
41.645 706.578
-1
4
119.879 717.559
125.551 717.559
125.551 723.23
119.879 723.23
-1
4
31.297 717.207
34.84 717.207
34.84 720.75
31.297 720.75
-1
4
209.738 710.121
213.281 710.121
213.281 713.664
209.738 713.664
-1
4
140.289 710.191
160.133 710.191
160.133 729.465
140.289 729.465
-1
4
63.188 711.324
83.031 711.324
83.031 730.602
63.188 730.602
-1
4
31.297 724.293
34.84 724.293
34.84 727.836
31.297 727.836
-1
4
112.512 724.93
118.18 724.93
118.18 730.602
112.512 730.602
-1
4
31.297 731.379
34.84 731.379
34.84 734.922
31.297 734.922
-1
4
105.141 732.301
110.809 732.301
110.809 737.969
105.141 737.969
-1
4
95.926 736.977
102.445 736.977
102.445 737.547
95.926 737.547
-1
4
118.746 736.41
128.242 736.41
128.242 736.977
118.746 736.977
-1
4
112.512 739.672
118.18 739.672
118.18 745.34
112.512 745.34
-1
4
97.77 739.672
103.441 739.672
103.441 745.34
97.77 745.34
-1
4
119.879 747.039
125.551 747.039
125.551 752.711
119.879 752.711
-1
4
105.141 747.039
110.809 747.039
110.809 752.711
105.141 752.711
-1
4
39.941 755.402
104.574 755.402
104.574 755.969
39.941 755.969
-1
4
188.477 745.555
192.02 745.555
192.02 749.094
188.477 749.094
-1
4
121.213 754.836
183.375 754.836
183.375 755.402
121.213 755.402
-1
4
112.512 754.41
118.18 754.41
118.18 760.082
112.512 760.082
-1
4
105.141 761.781
110.809 761.781
110.809 767.449
105.141 767.449
-1
4
38.016 759.09
102.105 759.09
102.105 759.656
38.016 759.656
-1
4
188.477 752.641
192.02 752.641
192.02 756.184
188.477 756.184
-1
4
119.879 761.781
125.551 761.781
125.551 767.449
119.879 767.449
-1
4
97.77 769.152
103.441 769.152
103.441 774.82
97.77 774.82
-1
4
49.762 775.672
51.25 775.672
51.25 776.238
49.762 776.238
-1
4
55.727 775.672
57.219 775.672
57.219 776.238
55.727 776.238
-1
4
169.082 775.672
170.574 775.672
170.574 776.238
169.082 776.238
-1
4
178.035 775.672
179.527 775.672
179.527 776.238
178.035 776.238
-1
4
56.102 848.309
59.645 848.309
59.645 851.852
56.102 851.852
-1
4
77.359 848.309
80.902 848.309
80.902 851.852
77.359 851.852
-1
4
68.219 791.602
68.785 791.602
68.785 842.015
68.219 842.015
-1
4
98.621 848.309
102.164 848.309
102.164 851.852
98.621 851.852
-1
4
17.125 837.68
20.668 837.68
20.668 841.223
17.125 841.223
-1
4
24.211 837.68
27.754 837.68
27.754 841.223
24.211 841.223
-1
4
195.566 837.68
199.109 837.68
199.109 841.223
195.566 841.223
