-1
4
-0.123 689.326
223.443 689.326
223.443 862.014
-0.123 862.014
-1
4
188.477 699.488
213.281 699.488
213.281 706.578
188.477 706.578
-1
4
112.512 717.559
118.18 717.559
118.18 723.23
112.512 723.23
-1
4
181.109 703.035
181.675 703.035
181.675 706.578
181.109 706.578
-1
4
24.211 717.207
27.754 717.207
27.754 720.75
24.211 720.75
-1
4
97.77 717.559
103.441 717.559
103.441 723.23
97.77 723.23
-1
4
123.282 717.559
126.684 717.559
126.684 720.113
123.282 720.113
-1
4
33.423 718.695
59.484 718.695
59.484 719.262
33.423 719.262
-1
4
188.477 717.207
192.02 717.207
192.02 720.75
188.477 720.75
-1
4
24.211 710.121
27.754 710.121
27.754 713.664
24.211 713.664
-1
4
131.785 710.191
142.273 710.191
142.273 715.859
131.785 715.859
-1
4
81.047 724.93
91.535 724.93
91.535 730.602
81.047 730.602
-1
4
105.141 724.93
110.809 724.93
110.809 730.602
105.141 730.602
-1
4
25.699 729.324
46.18 729.324
46.18 729.891
25.699 729.891
-1
4
177.141 729.324
197.621 729.324
197.621 729.891
177.141 729.891
-1
4
44.477 736.41
94.934 736.41
94.934 736.977
44.477 736.977
-1
4
33.423 732.867
45.043 732.867
45.043 733.434
33.423 733.434
-1
4
112.512 732.301
118.18 732.301
118.18 737.969
112.512 737.969
-1
4
105.141 739.672
110.809 739.672
110.809 745.34
105.141 745.34
-1
4
43.344 739.457
96.154 739.457
96.154 740.023
43.344 740.023
-1
4
179.406 736.41
197.621 736.41
197.621 736.977
179.406 736.977
-1
4
31.297 738.465
34.84 738.465
34.84 742.012
31.297 742.012
-1
4
96.637 742.789
100.038 742.789
100.038 745.34
96.637 745.34
-1
4
119.879 739.672
125.551 739.672
125.551 745.34
119.879 745.34
-1
4
181.676 743.5
197.621 743.5
197.621 744.066
181.676 744.066
-1
4
122.996 750.442
125.551 750.442
125.551 753.844
122.996 753.844
-1
4
25.699 750.582
39.375 750.582
39.375 751.152
25.699 751.152
-1
4
105.141 754.41
110.809 754.41
110.809 760.082
105.141 760.082
-1
4
112.512 747.039
118.18 747.039
118.18 752.711
112.512 752.711
-1
4
182.809 747.381
183.375 747.381
183.375 755.062
182.809 755.062
-1
4
97.77 761.781
103.441 761.781
103.441 767.449
97.77 767.449
-1
4
37.676 754.469
38.242 754.469
38.242 759.656
37.676 759.656
-1
4
118.746 757.953
185.645 757.953
185.645 758.523
118.746 758.523
-1
4
112.512 761.781
118.18 761.781
118.18 767.449
112.512 767.449
-1
4
185.418 754.129
189.894 754.129
189.894 754.695
185.418 754.695
-1
4
31.297 759.727
34.84 759.727
34.84 763.27
31.297 763.27
-1
4
96.637 772.27
100.038 772.27
100.038 774.82
96.637 774.82
-1
4
46.777 775.672
48.265 775.672
48.265 776.238
46.777 776.238
-1
4
163.117 775.672
164.609 775.672
164.609 776.238
163.117 776.238
-1
4
184.004 775.672
185.492 775.672
185.492 776.238
184.004 776.238
-1
4
57.59 778.278
58.156 778.278
58.156 849.726
57.59 849.726
-1
4
70.273 801.113
70.839 801.113
70.839 815.851
70.273 815.851
