-1
4
-0.123 689.326
223.443 689.326
223.443 862.014
-0.123 862.014
-1
4
18.613 714.559
51.512 714.559
51.512 715.129
18.613 715.129
-1
4
105.141 716.426
107.691 716.426
107.691 719.827
105.141 719.827
-1
4
171.805 714.559
204.707 714.559
204.707 715.129
171.805 715.129
-1
4
112.512 702.82
172.033 702.82
172.033 703.387
112.512 703.387
-1
4
112.512 716.426
115.063 716.426
115.063 719.827
112.512 719.827
-1
4
54.93 703.953
98.336 703.953
98.336 704.523
54.93 704.523
-1
4
118.746 720.68
122.148 720.68
122.148 723.23
118.746 723.23
-1
4
188.477 724.293
192.02 724.293
192.02 727.836
188.477 727.836
-1
6
131.785 729.465
142.273 729.465
142.273 720.68
139.156 720.68
139.156 723.797
131.785 723.797
-1
6
81.047 720.113
84.164 720.113
84.164 716.992
91.535 716.992
91.535 711.324
81.047 711.324
-1
4
105.141 723.797
107.691 723.797
107.691 727.199
105.141 727.199
-1
4
45.953 733.363
93.375 733.363
93.375 733.93
45.953 733.93
-1
4
112.512 723.797
115.063 723.797
115.063 727.199
112.512 727.199
-1
4
197.055 726.419
197.621 726.419
197.621 729.551
197.055 729.551
-1
4
177.141 729.664
177.707 729.664
177.707 732.457
177.141 732.457
-1
4
105.141 731.168
107.691 731.168
107.691 734.568
105.141 734.568
-1
4
115.913 732.301
119.313 732.301
119.313 734.852
115.913 734.852
-1
4
105.141 738.535
107.691 738.535
107.691 741.939
105.141 741.939
-1
4
112.512 738.535
115.063 738.535
115.063 741.939
112.512 741.939
-1
4
24.211 738.465
27.754 738.465
27.754 742.012
24.211 742.012
-1
4
96.637 750.16
100.038 750.16
100.038 752.711
96.637 752.711
-1
4
100.887 743.073
103.441 743.073
103.441 746.473
100.887 746.473
-1
4
42.211 742.789
97.998 742.789
97.998 743.355
42.211 743.355
-1
4
180.543 739.953
189.894 739.953
189.894 740.523
180.543 740.523
-1
4
119.879 738.535
122.43 738.535
122.43 741.939
119.879 741.939
-1
4
195.566 738.465
199.109 738.465
199.109 742.012
195.566 742.012
-1
4
118.746 750.16
122.148 750.16
122.148 752.711
118.746 752.711
-1
4
104.008 757.527
107.408 757.527
107.408 760.082
104.008 760.082
-1
4
104.008 750.16
107.408 750.16
107.408 752.711
104.008 752.711
-1
4
112.512 745.906
115.063 745.906
115.063 749.308
112.512 749.308
-1
4
183.941 750.582
197.621 750.582
197.621 751.152
183.941 751.152
-1
4
112.512 753.277
115.063 753.277
115.063 756.679
112.512 756.679
-1
4
117.953 756.395
184.168 756.395
184.168 756.961
117.953 756.961
-1
4
26.039 757.672
37.109 757.672
37.109 758.238
26.039 758.238
-1
4
97.77 760.648
100.32 760.648
100.32 764.048
97.77 764.048
-1
4
108.542 761.781
111.941 761.781
111.941 764.332
108.542 764.332
-1
4
115.913 761.781
119.313 761.781
119.313 764.332
115.913 764.332
-1
4
186.211 757.672
197.621 757.672
197.621 758.238
186.211 758.238
-1
4
122.996 765.182
125.551 765.182
125.551 768.582
122.996 768.582
-1
4
35.406 761.215
35.973 761.215
35.973 772.836
35.406 772.836
-1
4
101.173 769.152
104.574 769.152
104.574 771.703
101.173 771.703
-1
4
160.133 775.672
161.625 775.672
161.625 776.238
160.133 776.238
-1
4
167.219 801.113
167.785 801.113
167.785 815.851
167.219 815.851
-1
4
100.109 804.656
100.676 804.656
100.676 849.726
100.109 849.726
-1
4
170.973 820.176
171.543 820.176
171.543 842.922
170.973 842.922
-1
4
70.273 830.594
70.84 830.594
70.84 837.68
70.273 837.68
