-1
4
-0.123 689.326
223.443 689.326
223.443 862.014
-0.123 862.014
-1
4
188.477 703.742
192.02 703.742
192.02 713.664
188.477 713.664
-1
4
104.008 720.68
107.408 720.68
107.408 723.23
104.008 723.23
-1
4
105.141 703.16
105.707 703.16
105.707 716.879
105.141 716.879
-1
4
171.805 702.82
172.375 702.82
172.375 714.787
171.805 714.787
-1
4
111.375 720.68
114.779 720.68
114.779 723.23
111.375 723.23
-1
4
112.512 703.16
113.078 703.16
113.078 716.879
112.512 716.879
-1
4
25.699 715.742
55.496 715.742
55.496 716.309
25.699 716.309
-1
4
97.77 716.426
100.32 716.426
100.32 719.827
97.77 719.827
-1
4
119.879 703.953
168.387 703.953
168.387 704.523
119.879 704.523
-1
4
119.879 716.426
122.43 716.426
122.43 719.827
119.879 719.827
-1
4
94.367 705.09
94.934 705.09
94.934 720.281
94.367 720.281
-1
4
134.054 716.426
139.723 716.426
139.723 720.113
134.054 720.113
-1
4
126.117 720.68
131.786 720.68
131.786 723.23
126.117 723.23
-1
4
163.836 718.695
189.894 718.695
189.894 719.262
163.836 719.262
-1
4
36.613 708.066
40.156 708.066
40.156 708.632
36.613 708.632
-1
4
176.078 708.066
179.621 708.066
179.621 708.632
176.078 708.632
-1
4
17.125 710.121
20.668 710.121
20.668 713.664
17.125 713.664
-1
4
41.645 710.121
42.211 710.121
42.211 713.664
41.645 713.664
-1
4
195.566 710.121
199.109 710.121
199.109 713.664
195.566 713.664
-1
4
202.652 710.121
206.195 710.121
206.195 713.664
202.652 713.664
-1
4
33.423 725.781
65.172 725.781
65.172 726.348
33.423 726.348
-1
4
45.613 729.664
46.18 729.664
46.18 733.93
45.613 733.93
-1
4
92.809 730.035
105.368 730.035
105.368 730.602
92.809 730.602
-1
4
111.375 728.047
114.779 728.047
114.779 730.602
111.375 730.602
-1
4
117.953 726.914
130.793 726.914
130.793 727.48
117.953 727.48
-1
4
108.258 735.702
110.809 735.702
110.809 739.105
108.258 739.105
-1
4
128.949 734.285
129.52 734.285
129.52 735.844
128.949 735.844
-1
4
115.629 735.702
118.18 735.702
118.18 739.105
115.629 739.105
-1
4
24.211 731.379
27.754 731.379
27.754 734.922
24.211 734.922
-1
4
95.926 737.319
96.496 737.319
96.496 740.023
95.926 740.023
-1
4
195.566 731.379
199.109 731.379
199.109 734.922
195.566 734.922
-1
4
179.406 736.75
179.973 736.75
179.973 738.551
179.406 738.551
-1
4
111.375 742.789
114.779 742.789
114.779 745.34
111.375 745.34
-1
4
97.77 745.906
100.32 745.906
100.32 749.308
97.77 749.308
-1
4
101.173 739.672
104.574 739.672
104.574 742.223
101.173 742.223
-1
4
42.211 740.295
42.777 740.295
42.777 743.015
42.211 743.015
-1
4
118.746 742.789
122.148 742.789
122.148 745.34
118.746 745.34
-1
4
24.211 745.555
27.754 745.555
27.754 749.094
24.211 749.094
-1
4
105.141 753.277
107.691 753.277
107.691 756.679
105.141 756.679
-1
4
38.809 750.924
39.375 750.924
39.375 757.754
38.809 757.754
-1
4
33.423 747.039
40.508 747.039
40.508 747.609
33.423 747.609
-1
4
105.141 745.906
107.691 745.906
107.691 749.308
105.141 749.308
-1
4
111.375 750.16
114.779 750.16
114.779 752.711
111.375 752.711
-1
4
117.16 753.277
121.099 753.277
121.099 753.844
117.16 753.844
-1
4
111.375 757.527
114.779 757.527
114.779 760.082
111.375 760.082
-1
4
24.211 752.641
27.754 752.641
27.754 756.184
24.211 756.184
-1
4
101.173 761.781
104.574 761.781
104.574 764.332
101.173 764.332
-1
4
36.543 764.898
97.998 764.898
97.998 765.469
36.543 765.469
-1
4
31.297 752.641
34.84 752.641
34.84 756.184
31.297 756.184
-1
4
108.258 765.182
110.809 765.182
110.809 768.582
108.258 768.582
-1
4
115.629 765.182
118.18 765.182
118.18 768.582
115.629 768.582
-1
4
118.746 758.295
119.313 758.295
119.313 762.801
118.746 762.801
-1
4
195.566 752.641
199.109 752.641
199.109 756.184
195.566 756.184
-1
4
125.323 763.766
186.777 763.766
186.777 764.332
125.323 764.332
-1
4
33.423 761.215
35.633 761.215
35.633 761.781
33.423 761.781
-1
4
97.77 768.016
100.32 768.016
100.32 771.419
97.77 771.419
-1
4
34.84 775.672
36.332 775.672
36.332 776.238
34.84 776.238
-1
4
40.809 775.672
42.301 775.672
42.301 776.238
40.809 776.238
-1
4
52.742 775.672
54.234 775.672
54.234 776.238
52.742 776.238
-1
4
61.695 775.672
63.187 775.672
63.187 776.238
61.695 776.238
-1
4
166.098 775.672
167.594 775.672
167.594 776.238
166.098 776.238
-1
4
172.066 775.672
173.558 775.672
173.558 776.238
172.066 776.238
-1
4
68.219 791.262
93.234 791.262
93.234 791.828
68.219 791.828
