-1
4
-0.123 689.326
223.443 689.326
223.443 862.014
-0.123 862.014
-1
4
58.711 775.672
60.203 775.672
60.203 776.238
58.711 776.238
-1
4
175.051 775.672
176.543 775.672
176.543 776.238
175.051 776.238
-1
4
68.219 841.789
79.414 841.789
79.414 842.355
68.219 842.355
-1
4
77.359 848.309
80.902 848.309
80.902 851.852
77.359 851.852
-1
4
167.219 801.113
167.785 801.113
167.785 815.851
167.219 815.851
-1
4
170.973 820.176
171.543 820.176
171.543 842.922
170.973 842.922
-1
4
70.273 830.594
70.84 830.594
70.84 837.68
70.273 837.68
-1
4
160.699 837.113
167.785 837.113
167.785 837.68
160.699 837.68
-1
4
17.125 837.68
20.668 837.68
20.668 841.223
17.125 841.223
-1
4
24.211 837.68
27.754 837.68
27.754 841.223
24.211 841.223
-1
4
195.566 837.68
199.109 837.68
199.109 841.223
195.566 841.223
-1
4
202.652 837.68
206.195 837.68
206.195 841.223
202.652 841.223
-1
4
125.323 749.023
182.242 749.023
182.242 749.594
125.323 749.594
-1
4
108.258 757.813
110.809 757.813
110.809 761.215
108.258 761.215
-1
4
38.809 757.527
105.368 757.527
105.368 758.094
38.809 758.094
-1
4
117.16 753.277
121.099 753.277
121.099 753.844
117.16 753.844
-1
4
195.566 745.555
199.109 745.555
199.109 749.094
195.566 749.094
-1
4
112.512 753.277
115.063 753.277
115.063 756.679
112.512 756.679
-1
4
117.953 756.395
184.168 756.395
184.168 756.961
117.953 756.961
-1
4
24.211 752.641
27.754 752.641
27.754 756.184
24.211 756.184
-1
4
33.423 754.129
38.242 754.129
38.242 754.695
33.423 754.695
-1
4
101.879 760.648
106.161 760.648
106.161 761.215
101.879 761.215
-1
4
104.008 764.898
107.408 764.898
107.408 767.449
104.008 767.449
-1
4
111.375 764.898
114.779 764.898
114.779 767.449
111.375 767.449
-1
4
119.879 760.648
122.43 760.648
122.43 764.048
119.879 764.048
-1
4
125.323 763.766
186.777 763.766
186.777 764.332
125.323 764.332
-1
4
35.406 761.215
35.973 761.215
35.973 772.836
35.406 772.836
-1
4
97.77 768.016
100.32 768.016
100.32 771.419
97.77 771.419
-1
4
43.793 775.672
45.285 775.672
45.285 776.238
43.793 776.238
-1
4
195.566 724.293
199.109 724.293
199.109 727.836
195.566 727.836
-1
4
115.629 728.333
118.18 728.333
118.18 731.734
115.629 731.734
-1
4
33.423 732.867
45.043 732.867
45.043 733.434
33.423 733.434
-1
4
108.542 732.301
111.941 732.301
111.941 734.852
108.542 734.852
-1
4
94.367 735.418
105.368 735.418
105.368 735.988
94.367 735.988
-1
4
178.273 732.867
189.894 732.867
189.894 733.434
178.273 733.434
-1
4
117.953 734.285
129.177 734.285
129.177 734.852
117.953 734.852
-1
4
24.211 731.379
27.754 731.379
27.754 734.922
24.211 734.922
-1
4
43.344 736.75
43.91 736.75
43.91 739.683
43.344 739.683
-1
4
108.258 743.073
110.809 743.073
110.809 746.473
108.258 746.473
-1
4
115.913 739.672
119.313 739.672
119.313 742.223
115.913 742.223
-1
4
24.211 738.465
27.754 738.465
27.754 742.012
24.211 742.012
-1
4
41.078 743.5
41.645 743.5
41.645 750.387
41.078 750.387
-1
4
101.173 747.039
104.574 747.039
104.574 749.594
101.173 749.594
-1
4
101.173 739.672
104.574 739.672
104.574 742.223
101.173 742.223
-1
4
119.879 745.906
122.43 745.906
122.43 749.308
119.879 749.308
-1
4
105.141 716.426
107.691 716.426
107.691 719.827
105.141 719.827
-1
4
115.913 717.559
119.313 717.559
119.313 720.113
115.913 720.113
-1
4
181.109 703.035
181.675 703.035
181.675 706.578
181.109 706.578
-1
4
24.211 717.207
27.754 717.207
27.754 720.75
24.211 720.75
-1
4
100.887 720.962
103.441 720.962
103.441 724.363
100.887 724.363
-1
4
167.82 715.742
197.621 715.742
197.621 716.309
167.82 716.309
-1
4
91.532 717.559
97.203 717.559
97.203 720.113
91.532 720.113
-1
4
127.25 705.09
127.816 705.09
127.816 719.148
127.25 719.148
-1
4
163.836 718.695
189.894 718.695
189.894 719.262
163.836 719.262
-1
4
176.078 708.066
179.621 708.066
179.621 708.632
176.078 708.632
-1
4
183.164 708.066
186.707 708.066
186.707 708.632
183.164 708.632
-1
4
17.125 710.121
20.668 710.121
20.668 713.664
17.125 713.664
-1
4
24.211 710.121
27.754 710.121
27.754 713.664
24.211 713.664
-1
4
181.109 710.121
181.675 710.121
181.675 713.664
181.109 713.664
-1
6
131.785 729.465
142.273 729.465
142.273 720.68
139.156 720.68
139.156 723.797
131.785 723.797
-1
4
81.047 724.93
91.535 724.93
91.535 730.602
81.047 730.602
