-1
4
-0.123 689.326
223.443 689.326
223.443 862.014
-0.123 862.014
-1
4
122.996 750.442
125.551 750.442
125.551 753.844
122.996 753.844
-1
4
108.258 750.442
110.809 750.442
110.809 753.844
108.258 753.844
-1
4
104.008 751.691
104.574 751.691
104.574 755.629
104.008 755.629
-1
4
115.629 750.442
118.18 750.442
118.18 753.844
115.629 753.844
-1
4
183.941 750.582
197.621 750.582
197.621 751.152
183.941 751.152
-1
4
115.629 757.813
118.18 757.813
118.18 761.215
115.629 761.215
-1
4
36.543 758.012
37.109 758.012
37.109 765.126
36.543 765.126
-1
4
105.141 760.648
107.691 760.648
107.691 764.048
105.141 764.048
-1
4
185.078 754.129
185.645 754.129
185.645 758.181
185.078 758.181
-1
4
122.996 765.182
125.551 765.182
125.551 768.582
122.996 768.582
-1
4
100.887 772.553
103.441 772.553
103.441 775.953
100.887 775.953
-1
4
35.746 772.27
97.998 772.27
97.998 772.836
35.746 772.836
-1
4
108.258 728.333
110.809 728.333
110.809 731.734
108.258 731.734
-1
4
45.613 729.664
46.18 729.664
46.18 733.93
45.613 733.93
-1
4
92.809 730.035
105.368 730.035
105.368 730.602
92.809 730.602
-1
4
130.227 727.254
130.793 727.254
130.793 732.457
130.227 732.457
-1
4
108.258 735.702
110.809 735.702
110.809 739.105
108.258 739.105
-1
4
115.629 735.702
118.18 735.702
118.18 739.105
115.629 739.105
-1
4
25.699 736.41
43.91 736.41
43.91 736.977
25.699 736.977
-1
4
95.926 737.319
96.496 737.319
96.496 740.023
95.926 740.023
-1
4
101.879 738.535
106.161 738.535
106.161 739.105
101.879 739.105
-1
4
127.676 736.75
128.242 736.75
128.242 738.551
127.676 738.551
-1
4
111.375 742.789
114.779 742.789
114.779 745.34
111.375 745.34
-1
4
41.078 750.16
97.998 750.16
97.998 750.727
41.078 750.727
-1
4
33.423 739.953
42.777 739.953
42.777 740.523
33.423 740.523
-1
4
100.887 743.073
103.441 743.073
103.441 746.473
100.887 746.473
-1
4
42.211 742.789
97.998 742.789
97.998 743.355
42.211 743.355
-1
4
118.746 742.789
122.148 742.789
122.148 745.34
118.746 745.34
-1
4
125.323 741.656
181.109 741.656
181.109 742.223
125.323 742.223
-1
4
195.566 738.465
199.109 738.465
199.109 742.012
195.566 742.012
-1
4
108.258 720.962
110.809 720.962
110.809 724.363
108.258 724.363
-1
4
115.629 720.962
118.18 720.962
118.18 724.363
115.629 724.363
-1
4
112.512 703.16
113.078 703.16
113.078 716.879
112.512 716.879
-1
4
54.93 703.953
98.336 703.953
98.336 704.523
54.93 704.523
-1
4
25.699 715.742
55.496 715.742
55.496 716.309
25.699 716.309
-1
4
101.173 717.559
104.574 717.559
104.574 720.113
101.173 720.113
-1
4
119.879 703.953
168.387 703.953
168.387 704.523
119.879 704.523
-1
4
119.879 716.426
122.43 716.426
122.43 719.827
119.879 719.827
-1
4
33.423 718.695
59.484 718.695
59.484 719.262
33.423 719.262
-1
4
188.477 717.207
192.02 717.207
192.02 720.75
188.477 720.75
-1
4
131.785 710.191
142.273 710.191
142.273 715.859
131.785 715.859
-1
4
31.297 724.293
34.84 724.293
34.84 727.836
31.297 727.836
-1
6
81.047 720.113
84.164 720.113
84.164 716.992
91.535 716.992
91.535 711.324
81.047 711.324
