-1
4
-0.123 689.326
223.443 689.326
223.443 862.014
-0.123 862.014
-1
4
52.742 775.672
54.234 775.672
54.234 776.238
52.742 776.238
-1
4
163.117 775.672
164.609 775.672
164.609 776.238
163.117 776.238
-1
4
172.066 775.672
173.558 775.672
173.558 776.238
172.066 776.238
-1
4
178.035 775.672
179.527 775.672
179.527 776.238
178.035 776.238
-1
4
186.988 775.672
188.476 775.672
188.476 776.238
186.988 776.238
-1
4
78.848 842.129
79.414 842.129
79.414 849.726
78.848 849.726
-1
4
70.273 801.113
70.839 801.113
70.839 815.851
70.273 815.851
-1
4
155.879 820.176
171.201 820.176
171.201 820.742
155.879 820.742
-1
4
121.367 842.695
121.934 842.695
121.934 849.726
121.367 849.726
-1
4
70.613 837.113
77.359 837.113
77.359 837.68
70.613 837.68
-1
4
167.219 830.594
167.785 830.594
167.785 837.34
167.219 837.34
-1
4
10.039 837.68
13.578 837.68
13.578 841.223
10.039 841.223
-1
4
19.251 839.168
25.628 839.168
25.628 839.734
19.251 839.734
-1
4
31.297 837.68
34.84 837.68
34.84 841.223
31.297 841.223
-1
4
41.645 837.68
42.211 837.68
42.211 841.223
41.645 841.223
-1
4
181.109 837.68
181.675 837.68
181.675 841.223
181.109 841.223
-1
4
188.477 837.68
192.02 837.68
192.02 841.223
188.477 841.223
-1
4
197.692 839.168
204.069 839.168
204.069 839.734
197.692 839.734
-1
4
209.738 837.68
213.281 837.68
213.281 841.223
209.738 841.223
-1
4
36.613 842.711
40.156 842.711
40.156 843.277
36.613 843.277
-1
4
43.699 842.711
47.242 842.711
47.242 843.277
43.699 843.277
-1
4
176.078 842.711
179.621 842.711
179.621 843.277
176.078 843.277
-1
4
183.164 842.711
186.707 842.711
186.707 843.277
183.164 843.277
-1
4
41.645 844.766
42.211 844.766
42.211 848.309
41.645 848.309
-1
4
181.109 844.766
181.675 844.766
181.675 848.309
181.109 848.309
-1
4
181.676 743.84
182.242 743.84
182.242 749.251
181.676 749.251
-1
4
25.699 747.678
26.266 747.678
26.266 750.81
25.699 750.81
-1
4
105.141 753.277
107.691 753.277
107.691 756.679
105.141 756.679
-1
4
38.809 750.924
39.375 750.924
39.375 757.754
38.809 757.754
-1
4
33.423 747.039
40.508 747.039
40.508 747.609
33.423 747.609
-1
4
108.542 747.039
111.941 747.039
111.941 749.594
108.542 749.594
-1
4
120.871 753.277
121.441 753.277
121.441 755.402
120.871 755.402
-1
4
115.913 747.039
119.313 747.039
119.313 749.594
115.913 749.594
-1
4
183.941 750.924
184.508 750.924
184.508 756.961
183.941 756.961
-1
4
197.055 747.678
197.621 747.678
197.621 750.81
197.055 750.81
-1
4
111.375 757.527
114.779 757.527
114.779 760.082
111.375 760.082
-1
4
25.699 754.767
26.266 754.767
26.266 758.238
25.699 758.238
-1
4
100.887 765.182
103.441 765.182
103.441 768.582
100.887 768.582
-1
4
101.879 759.09
102.445 759.09
102.445 760.875
101.879 760.875
-1
4
108.258 765.182
110.809 765.182
110.809 768.582
108.258 768.582
-1
4
115.629 765.182
118.18 765.182
118.18 768.582
115.629 768.582
-1
4
118.746 758.295
119.313 758.295
119.313 762.801
118.746 762.801
-1
4
197.055 754.767
197.621 754.767
197.621 757.898
197.055 757.898
-1
4
186.211 758.012
186.777 758.012
186.777 763.992
186.211 763.992
-1
4
33.423 761.215
35.633 761.215
35.633 761.781
33.423 761.781
-1
4
37.824 775.672
39.316 775.672
39.316 776.238
37.824 776.238
-1
4
46.777 775.672
48.265 775.672
48.265 776.238
46.777 776.238
-1
4
25.699 726.419
26.266 726.419
26.266 729.551
25.699 729.551
-1
4
92.809 730.375
93.375 730.375
93.375 733.59
92.809 733.59
-1
4
112.512 723.797
115.063 723.797
115.063 727.199
112.512 727.199
-1
4
197.055 726.419
197.621 726.419
197.621 729.551
197.055 729.551
-1
4
94.367 735.76
94.934 735.76
94.934 736.637
94.367 736.637
-1
4
44.477 733.207
45.043 733.207
45.043 736.637
44.477 736.637
-1
4
128.949 734.285
129.52 734.285
129.52 735.844
128.949 735.844
-1
4
112.512 731.168
115.063 731.168
115.063 734.568
112.512 734.568
-1
4
178.273 733.207
178.84 733.207
178.84 735.504
178.273 735.504
-1
4
25.699 733.505
26.266 733.505
26.266 736.637
25.699 736.637
-1
4
104.008 742.789
107.408 742.789
107.408 745.34
104.008 745.34
-1
4
101.879 737.319
102.445 737.319
102.445 738.763
101.879 738.763
-1
4
197.055 733.505
197.621 733.505
197.621 736.637
197.055 736.637
-1
4
112.512 738.535
115.063 738.535
115.063 741.939
112.512 741.939
-1
4
118.746 736.75
119.313 736.75
119.313 740.692
118.746 740.692
-1
4
25.699 740.593
26.266 740.593
26.266 744.066
25.699 744.066
-1
4
97.77 745.906
100.32 745.906
100.32 749.308
97.77 749.308
-1
4
42.211 740.295
42.777 740.295
42.777 743.015
42.211 743.015
-1
4
122.996 743.073
125.551 743.073
125.551 746.473
122.996 746.473
-1
4
180.543 740.295
181.109 740.295
181.109 741.883
180.543 741.883
-1
4
197.055 740.593
197.621 740.593
197.621 743.726
197.055 743.726
-1
4
188.477 703.742
192.02 703.742
192.02 713.664
188.477 713.664
-1
4
50.945 702.82
51.512 702.82
51.512 714.787
50.945 714.787
-1
4
18.613 714.901
19.18 714.901
19.18 718.624
18.613 718.624
-1
4
108.542 717.559
111.941 717.559
111.941 720.113
108.542 720.113
-1
4
105.141 703.16
105.707 703.16
105.707 716.879
105.141 716.879
-1
4
171.805 702.82
172.375 702.82
172.375 714.787
171.805 714.787
-1
4
204.141 714.901
204.707 714.901
204.707 718.624
204.141 718.624
-1
4
41.645 703.035
42.211 703.035
42.211 706.578
41.645 706.578
-1
4
54.93 704.295
55.496 704.295
55.496 715.969
54.93 715.969
-1
4
25.699 716.082
26.266 716.082
26.266 718.624
25.699 718.624
-1
4
97.77 704.295
98.336 704.295
98.336 717.787
97.77 717.787
-1
4
167.82 704.295
168.387 704.295
168.387 715.969
167.82 715.969
-1
4
197.055 716.082
197.621 716.082
197.621 718.624
197.055 718.624
-1
4
118.746 720.68
122.148 720.68
122.148 723.23
118.746 723.23
-1
4
119.879 704.295
120.445 704.295
120.445 717.787
119.879 717.787
-1
4
58.918 705.09
59.484 705.09
59.484 718.922
58.918 718.922
-1
4
94.367 705.09
94.934 705.09
94.934 720.281
94.367 720.281
-1
4
83.598 720.68
89.264 720.68
89.264 724.363
83.598 724.363
-1
4
163.836 705.09
164.402 705.09
164.402 718.922
163.836 718.922
-1
4
134.054 716.426
139.723 716.426
139.723 720.113
134.054 720.113
-1
4
126.117 720.68
131.786 720.68
131.786 723.23
126.117 723.23
-1
4
36.613 708.066
40.156 708.066
40.156 708.632
36.613 708.632
-1
4
43.699 708.066
47.242 708.066
47.242 708.632
43.699 708.632
-1
4
10.039 710.121
13.578 710.121
13.578 713.664
10.039 713.664
-1
4
19.251 711.609
25.628 711.609
25.628 712.176
19.251 712.176
-1
4
41.645 710.121
42.211 710.121
42.211 713.664
41.645 713.664
-1
4
197.692 711.609
204.069 711.609
204.069 712.176
197.692 712.176
-1
4
209.738 710.121
213.281 710.121
213.281 713.664
209.738 713.664
-1
4
33.423 725.781
65.172 725.781
65.172 726.348
33.423 726.348
-1
4
105.141 723.797
107.691 723.797
107.691 727.199
105.141 727.199
