-1
4
-0.123 689.326
223.443 689.326
223.443 862.014
-0.123 862.014
-1
4
119.879 848.309
123.422 848.309
123.422 851.852
119.879 851.852
-1
4
118.746 750.16
122.148 750.16
122.148 752.711
118.746 752.711
-1
4
108.542 754.41
111.941 754.41
111.941 756.961
108.542 756.961
-1
4
104.008 750.16
107.408 750.16
107.408 752.711
104.008 752.711
-1
4
39.941 747.381
40.508 747.381
40.508 755.629
39.941 755.629
-1
4
182.809 747.039
189.894 747.039
189.894 747.609
182.809 747.609
-1
4
112.512 745.906
115.063 745.906
115.063 749.308
112.512 749.308
-1
4
26.039 757.672
37.109 757.672
37.109 758.238
26.039 758.238
-1
4
101.173 761.781
104.574 761.781
104.574 764.332
101.173 764.332
-1
4
36.543 764.898
97.998 764.898
97.998 765.469
36.543 765.469
-1
4
108.542 761.781
111.941 761.781
111.941 764.332
108.542 764.332
-1
4
118.746 757.953
185.645 757.953
185.645 758.523
118.746 758.523
-1
4
115.913 761.781
119.313 761.781
119.313 764.332
115.913 764.332
-1
4
123.282 761.781
126.684 761.781
126.684 764.332
123.282 764.332
-1
4
96.637 772.27
100.038 772.27
100.038 774.82
96.637 774.82
-1
4
104.008 728.047
107.408 728.047
107.408 730.602
104.008 730.602
-1
4
111.375 728.047
114.779 728.047
114.779 730.602
111.375 730.602
-1
4
117.953 726.914
130.793 726.914
130.793 727.48
117.953 727.48
-1
4
177.141 729.664
177.707 729.664
177.707 732.457
177.141 732.457
-1
4
31.297 731.379
34.84 731.379
34.84 734.922
31.297 734.922
-1
4
104.008 735.418
107.408 735.418
107.408 737.969
104.008 737.969
-1
4
188.477 731.379
192.02 731.379
192.02 734.922
188.477 734.922
-1
4
115.913 732.301
119.313 732.301
119.313 734.852
115.913 734.852
-1
4
108.542 739.672
111.941 739.672
111.941 742.223
108.542 742.223
-1
4
179.406 736.75
179.973 736.75
179.973 738.551
179.406 738.551
-1
4
31.297 738.465
34.84 738.465
34.84 742.012
31.297 742.012
-1
4
97.77 738.535
100.32 738.535
100.32 741.939
97.77 741.939
-1
4
181.676 743.5
197.621 743.5
197.621 744.066
181.676 744.066
-1
4
104.008 720.68
107.408 720.68
107.408 723.23
104.008 723.23
-1
4
171.805 714.559
204.707 714.559
204.707 715.129
171.805 715.129
-1
4
111.375 720.68
114.779 720.68
114.779 723.23
111.375 723.23
-1
4
97.77 716.426
100.32 716.426
100.32 719.827
97.77 719.827
-1
4
122.996 720.962
125.551 720.962
125.551 724.363
122.996 724.363
