-1
4
-0.123 689.326
223.443 689.326
223.443 862.014
-0.123 862.014
-1
4
57.59 777.938
100.887 777.938
100.887 778.504
57.59 778.504
-1
4
123.282 747.039
126.684 747.039
126.684 749.594
123.282 749.594
-1
4
25.699 750.582
39.375 750.582
39.375 751.152
25.699 751.152
-1
4
104.008 757.527
107.408 757.527
107.408 760.082
104.008 760.082
-1
4
105.141 745.906
107.691 745.906
107.691 749.308
105.141 749.308
-1
4
111.375 750.16
114.779 750.16
114.779 752.711
111.375 752.711
-1
4
182.809 747.381
183.375 747.381
183.375 755.062
182.809 755.062
-1
4
115.913 754.41
119.313 754.41
119.313 756.961
115.913 756.961
-1
4
96.637 764.898
100.038 764.898
100.038 767.449
96.637 767.449
-1
4
37.676 754.469
38.242 754.469
38.242 759.656
37.676 759.656
-1
4
112.512 760.648
115.063 760.648
115.063 764.048
112.512 764.048
-1
4
118.746 764.898
122.148 764.898
122.148 767.449
118.746 767.449
-1
4
101.173 769.152
104.574 769.152
104.574 771.703
101.173 771.703
-1
4
108.542 724.93
111.941 724.93
111.941 727.48
108.542 727.48
-1
4
177.141 729.324
197.621 729.324
197.621 729.891
177.141 729.891
-1
4
115.913 724.93
119.313 724.93
119.313 727.48
115.913 727.48
-1
4
105.141 731.168
107.691 731.168
107.691 734.568
105.141 734.568
-1
4
111.375 735.418
114.779 735.418
114.779 737.969
111.375 737.969
-1
4
105.141 738.535
107.691 738.535
107.691 741.939
105.141 741.939
-1
4
179.406 736.41
197.621 736.41
197.621 736.977
179.406 736.977
-1
4
115.629 743.073
118.18 743.073
118.18 746.473
115.629 746.473
-1
4
100.887 750.442
103.441 750.442
103.441 753.844
100.887 753.844
-1
4
26.039 743.5
41.305 743.5
41.305 744.066
26.039 744.066
-1
4
96.637 742.789
100.038 742.789
100.038 745.34
96.637 745.34
-1
4
180.543 739.953
189.894 739.953
189.894 740.523
180.543 740.523
-1
4
119.879 738.535
122.43 738.535
122.43 741.939
119.879 741.939
-1
4
112.512 716.426
115.063 716.426
115.063 719.827
112.512 719.827
-1
4
123.282 717.559
126.684 717.559
126.684 720.113
123.282 720.113
-1
4
84.73 717.559
96.066 717.559
96.066 724.363
84.73 724.363
-1
4
59.258 705.09
94.594 705.09
94.594 705.656
59.258 705.656
-1
4
127.59 705.09
164.062 705.09
164.062 705.656
127.59 705.656
-1
4
158.149 725.781
189.894 725.781
189.894 726.348
158.149 726.348
