-1
4
-0.123 689.326
223.443 689.326
223.443 862.014
-0.123 862.014
-1
4
160.133 775.672
161.625 775.672
161.625 776.238
160.133 776.238
-1
4
166.098 775.672
167.594 775.672
167.594 776.238
166.098 776.238
-1
4
184.004 775.672
185.492 775.672
185.492 776.238
184.004 776.238
-1
4
56.102 848.309
59.645 848.309
59.645 851.852
56.102 851.852
-1
4
68.219 791.602
68.785 791.602
68.785 842.015
68.219 842.015
-1
4
98.621 848.309
102.164 848.309
102.164 851.852
98.621 851.852
-1
4
121.367 842.355
171.201 842.355
171.201 842.922
121.367 842.922
-1
4
105.141 754.41
110.809 754.41
110.809 760.082
105.141 760.082
-1
4
188.477 745.555
192.02 745.555
192.02 749.094
188.477 749.094
-1
4
112.512 747.039
118.18 747.039
118.18 752.711
112.512 752.711
-1
4
97.77 761.781
103.441 761.781
103.441 767.449
97.77 767.449
-1
4
38.016 759.09
102.105 759.09
102.105 759.656
38.016 759.656
-1
4
188.477 752.641
192.02 752.641
192.02 756.184
188.477 756.184
-1
4
112.512 761.781
118.18 761.781
118.18 767.449
112.512 767.449
-1
4
195.566 752.641
199.109 752.641
199.109 756.184
195.566 756.184
-1
4
45.953 733.363
93.375 733.363
93.375 733.93
45.953 733.93
-1
4
130.227 732.23
177.707 732.23
177.707 732.797
130.227 732.797
-1
4
44.477 736.41
94.934 736.41
94.934 736.977
44.477 736.977
-1
4
112.512 732.301
118.18 732.301
118.18 737.969
112.512 737.969
-1
4
129.292 735.277
178.84 735.277
178.84 735.844
129.292 735.844
-1
4
105.141 739.672
110.809 739.672
110.809 745.34
105.141 745.34
-1
4
43.344 739.457
96.154 739.457
96.154 740.023
43.344 740.023
-1
4
127.676 738.324
179.973 738.324
179.973 738.891
127.676 738.891
-1
4
97.77 747.039
103.441 747.039
103.441 752.711
97.77 752.711
-1
4
188.477 738.465
192.02 738.465
192.02 742.012
188.477 742.012
-1
4
119.879 739.672
125.551 739.672
125.551 745.34
119.879 745.34
-1
4
188.477 699.488
213.281 699.488
213.281 706.578
188.477 706.578
-1
4
18.613 714.559
51.512 714.559
51.512 715.129
18.613 715.129
-1
4
51.285 702.82
105.707 702.82
105.707 703.387
51.285 703.387
-1
4
112.512 717.559
118.18 717.559
118.18 723.23
112.512 723.23
-1
4
112.512 702.82
172.033 702.82
172.033 703.387
112.512 703.387
-1
4
97.77 717.559
103.441 717.559
103.441 723.23
97.77 723.23
-1
4
31.297 717.207
34.84 717.207
34.84 720.75
31.297 720.75
-1
4
127.25 716.426
138.59 716.426
138.59 723.23
127.25 723.23
-1
4
188.477 724.293
192.02 724.293
192.02 727.836
188.477 727.836
-1
4
24.211 724.293
27.754 724.293
27.754 727.836
24.211 727.836
-1
4
105.141 724.93
110.809 724.93
110.809 730.602
105.141 730.602
