-1
4
-0.123 689.326
223.443 689.326
223.443 862.014
-0.123 862.014
-1
4
55.727 775.672
57.219 775.672
57.219 776.238
55.727 776.238
-1
4
61.695 775.672
63.187 775.672
63.187 776.238
61.695 776.238
-1
4
169.082 775.672
170.574 775.672
170.574 776.238
169.082 776.238
-1
4
181.02 775.672
182.512 775.672
182.512 776.238
181.02 776.238
-1
4
57.59 778.278
58.156 778.278
58.156 849.726
57.59 849.726
-1
4
68.219 791.262
93.234 791.262
93.234 791.828
68.219 791.828
-1
4
100.109 804.656
100.676 804.656
100.676 849.726
100.109 849.726
-1
4
24.211 745.555
27.754 745.555
27.754 749.094
24.211 749.094
-1
4
31.297 745.555
34.84 745.555
34.84 749.094
31.297 749.094
-1
4
105.141 747.039
110.809 747.039
110.809 752.711
105.141 752.711
-1
4
39.941 755.402
104.574 755.402
104.574 755.969
39.941 755.969
-1
4
121.213 754.836
183.375 754.836
183.375 755.402
121.213 755.402
-1
4
112.512 754.41
118.18 754.41
118.18 760.082
112.512 760.082
-1
4
97.77 760.648
100.32 760.648
100.32 764.048
97.77 764.048
-1
4
31.297 752.641
34.84 752.641
34.84 756.184
31.297 756.184
-1
4
105.141 761.781
110.809 761.781
110.809 767.449
105.141 767.449
-1
4
185.418 754.129
189.894 754.129
189.894 754.695
185.418 754.695
-1
4
186.211 757.672
197.621 757.672
197.621 758.238
186.211 758.238
-1
4
119.879 761.781
125.551 761.781
125.551 767.449
119.879 767.449
-1
4
31.297 759.727
34.84 759.727
34.84 763.27
31.297 763.27
-1
4
97.77 769.152
103.441 769.152
103.441 774.82
97.77 774.82
-1
4
34.84 775.672
36.332 775.672
36.332 776.238
34.84 776.238
-1
4
40.809 775.672
42.301 775.672
42.301 776.238
40.809 776.238
-1
4
49.762 775.672
51.25 775.672
51.25 776.238
49.762 776.238
-1
4
112.512 724.93
118.18 724.93
118.18 730.602
112.512 730.602
-1
4
105.141 732.301
110.809 732.301
110.809 737.969
105.141 737.969
-1
4
95.926 736.977
102.445 736.977
102.445 737.547
95.926 737.547
-1
4
195.566 731.379
199.109 731.379
199.109 734.922
195.566 734.922
-1
4
118.746 736.41
128.242 736.41
128.242 736.977
118.746 736.977
-1
4
112.512 739.672
118.18 739.672
118.18 745.34
112.512 745.34
-1
4
96.637 750.16
100.038 750.16
100.038 752.711
96.637 752.711
-1
4
97.77 739.672
103.441 739.672
103.441 745.34
97.77 745.34
-1
4
123.282 739.672
126.684 739.672
126.684 742.223
123.282 742.223
-1
4
119.879 747.039
125.551 747.039
125.551 752.711
119.879 752.711
-1
4
17.125 717.207
20.668 717.207
20.668 720.75
17.125 720.75
-1
4
105.141 717.559
110.809 717.559
110.809 723.23
105.141 723.23
-1
4
202.652 717.207
206.195 717.207
206.195 720.75
202.652 720.75
-1
4
96.637 720.68
100.038 720.68
100.038 723.23
96.637 723.23
-1
4
195.566 717.207
199.109 717.207
199.109 720.75
195.566 720.75
-1
4
119.879 717.559
125.551 717.559
125.551 723.23
119.879 723.23
-1
4
195.566 710.121
199.109 710.121
199.109 713.664
195.566 713.664
-1
4
202.652 710.121
206.195 710.121
206.195 713.664
202.652 713.664
-1
4
140.289 710.191
160.133 710.191
160.133 729.465
140.289 729.465
-1
4
63.188 711.324
83.031 711.324
83.031 730.602
63.188 730.602
-1
4
25.699 729.324
46.18 729.324
46.18 729.891
25.699 729.891
