-1
4
-0.123 689.326
223.443 689.326
223.443 862.014
-0.123 862.014
-1
4
125.323 741.656
181.109 741.656
181.109 742.223
125.323 742.223
-1
4
195.566 738.465
199.109 738.465
199.109 742.012
195.566 742.012
-1
4
119.879 745.906
122.43 745.906
122.43 749.308
119.879 749.308
-1
4
24.211 745.555
27.754 745.555
27.754 749.094
24.211 749.094
-1
4
108.258 757.813
110.809 757.813
110.809 761.215
108.258 761.215
-1
4
38.809 750.924
39.375 750.924
39.375 757.754
38.809 757.754
-1
4
33.423 747.039
40.508 747.039
40.508 747.609
33.423 747.609
-1
4
105.141 745.906
107.691 745.906
107.691 749.308
105.141 749.308
-1
4
120.871 753.277
121.441 753.277
121.441 755.402
120.871 755.402
-1
4
182.809 747.039
189.894 747.039
189.894 747.609
182.809 747.609
-1
4
111.375 750.16
114.779 750.16
114.779 752.711
111.375 752.711
-1
4
195.566 745.555
199.109 745.555
199.109 749.094
195.566 749.094
-1
4
115.629 757.813
118.18 757.813
118.18 761.215
115.629 761.215
-1
4
24.211 752.641
27.754 752.641
27.754 756.184
24.211 756.184
-1
4
36.543 764.898
97.998 764.898
97.998 765.469
36.543 765.469
-1
4
31.297 752.641
34.84 752.641
34.84 756.184
31.297 756.184
-1
4
101.879 760.648
106.161 760.648
106.161 761.215
101.879 761.215
-1
4
104.008 764.898
107.408 764.898
107.408 767.449
104.008 767.449
-1
4
185.078 754.129
185.645 754.129
185.645 758.181
185.078 758.181
-1
4
111.375 764.898
114.779 764.898
114.779 767.449
111.375 767.449
-1
4
195.566 752.641
199.109 752.641
199.109 756.184
195.566 756.184
-1
4
118.746 764.898
122.148 764.898
122.148 767.449
118.746 767.449
-1
4
125.323 763.766
186.777 763.766
186.777 764.332
125.323 764.332
-1
4
33.423 761.215
35.633 761.215
35.633 761.781
33.423 761.781
-1
4
40.809 775.672
42.301 775.672
42.301 776.238
40.809 776.238
-1
4
46.777 775.672
48.265 775.672
48.265 776.238
46.777 776.238
-1
4
184.004 775.672
185.492 775.672
185.492 776.238
184.004 776.238
-1
4
57.59 777.938
100.887 777.938
100.887 778.504
57.59 778.504
-1
4
68.219 841.789
79.414 841.789
79.414 842.355
68.219 842.355
-1
4
77.359 848.309
80.902 848.309
80.902 851.852
77.359 851.852
-1
4
70.273 801.113
70.839 801.113
70.839 815.851
70.273 815.851
-1
4
98.621 848.309
102.164 848.309
102.164 851.852
98.621 851.852
-1
4
170.973 820.176
171.543 820.176
171.543 842.922
170.973 842.922
-1
4
119.879 848.309
123.422 848.309
123.422 851.852
119.879 851.852
-1
4
70.273 830.594
70.84 830.594
70.84 837.68
70.273 837.68
-1
4
160.699 837.113
167.785 837.113
167.785 837.68
160.699 837.68
-1
4
24.211 837.68
27.754 837.68
27.754 841.223
24.211 841.223
-1
4
195.566 837.68
199.109 837.68
199.109 841.223
195.566 841.223
-1
4
202.652 837.68
206.195 837.68
206.195 841.223
202.652 841.223
-1
4
92.809 730.035
105.368 730.035
105.368 730.602
92.809 730.602
-1
4
112.512 723.797
115.063 723.797
115.063 727.199
112.512 727.199
-1
4
177.141 729.664
177.707 729.664
177.707 732.457
177.141 732.457
-1
4
108.258 735.702
110.809 735.702
110.809 739.105
108.258 739.105
-1
4
94.367 735.418
105.368 735.418
105.368 735.988
94.367 735.988
-1
4
44.477 733.207
45.043 733.207
45.043 736.637
44.477 736.637
-1
4
128.949 734.285
129.52 734.285
129.52 735.844
128.949 735.844
-1
4
112.512 731.168
115.063 731.168
115.063 734.568
112.512 734.568
-1
4
195.566 731.379
199.109 731.379
199.109 734.922
195.566 734.922
-1
4
179.406 736.75
179.973 736.75
179.973 738.551
179.406 738.551
-1
4
111.375 742.789
114.779 742.789
114.779 745.34
111.375 745.34
-1
4
24.211 738.465
27.754 738.465
27.754 742.012
24.211 742.012
-1
4
100.887 750.442
103.441 750.442
103.441 753.844
100.887 753.844
-1
4
101.173 739.672
104.574 739.672
104.574 742.223
101.173 742.223
-1
4
42.211 740.295
42.777 740.295
42.777 743.015
42.211 743.015
-1
4
119.879 738.535
122.43 738.535
122.43 741.939
119.879 741.939
-1
4
17.125 717.207
20.668 717.207
20.668 720.75
17.125 720.75
-1
4
104.008 720.68
107.408 720.68
107.408 723.23
104.008 723.23
-1
4
105.141 703.16
105.707 703.16
105.707 716.879
105.141 716.879
-1
4
202.652 717.207
206.195 717.207
206.195 720.75
202.652 720.75
-1
4
112.512 716.426
115.063 716.426
115.063 719.827
112.512 719.827
-1
4
97.77 716.426
100.32 716.426
100.32 719.827
97.77 719.827
-1
4
167.82 715.742
197.621 715.742
197.621 716.309
167.82 716.309
-1
4
119.879 716.426
122.43 716.426
122.43 719.827
119.879 719.827
-1
4
33.423 718.695
59.484 718.695
59.484 719.262
33.423 719.262
-1
4
134.054 716.426
139.723 716.426
139.723 720.113
134.054 720.113
-1
4
126.117 720.68
131.786 720.68
131.786 723.23
126.117 723.23
-1
4
183.164 708.066
186.707 708.066
186.707 708.632
183.164 708.632
-1
4
17.125 710.121
20.668 710.121
20.668 713.664
17.125 713.664
-1
4
24.211 710.121
27.754 710.121
27.754 713.664
24.211 713.664
-1
4
181.109 710.121
181.675 710.121
181.675 713.664
181.109 713.664
-1
4
202.652 710.121
206.195 710.121
206.195 713.664
202.652 713.664
-1
4
188.477 724.293
192.02 724.293
192.02 727.836
188.477 727.836
-1
6
81.047 720.113
84.164 720.113
84.164 716.992
91.535 716.992
91.535 711.324
81.047 711.324
-1
4
33.423 725.781
65.172 725.781
65.172 726.348
33.423 726.348
