-1
4
-0.123 689.326
223.443 689.326
223.443 862.014
-0.123 862.014
-1
4
123.282 739.672
126.684 739.672
126.684 742.223
123.282 742.223
-1
4
181.676 743.5
197.621 743.5
197.621 744.066
181.676 744.066
-1
4
123.282 747.039
126.684 747.039
126.684 749.594
123.282 749.594
-1
4
104.008 757.527
107.408 757.527
107.408 760.082
104.008 760.082
-1
4
104.008 750.16
107.408 750.16
107.408 752.711
104.008 752.711
-1
4
39.941 747.381
40.508 747.381
40.508 755.629
39.941 755.629
-1
4
112.512 747.039
118.18 747.039
118.18 752.711
112.512 752.711
-1
4
182.809 747.381
183.375 747.381
183.375 755.062
182.809 755.062
-1
4
26.039 757.672
37.109 757.672
37.109 758.238
26.039 758.238
-1
4
96.637 764.898
100.038 764.898
100.038 767.449
96.637 767.449
-1
4
118.746 757.953
185.645 757.953
185.645 758.523
118.746 758.523
-1
4
112.512 760.648
115.063 760.648
115.063 764.048
112.512 764.048
-1
4
119.879 760.648
122.43 760.648
122.43 764.048
119.879 764.048
-1
4
101.173 769.152
104.574 769.152
104.574 771.703
101.173 771.703
-1
4
35.746 772.27
97.998 772.27
97.998 772.836
35.746 772.836
-1
4
61.695 775.672
63.187 775.672
63.187 776.238
61.695 776.238
-1
4
169.082 775.672
170.574 775.672
170.574 776.238
169.082 776.238
-1
4
175.051 775.672
176.543 775.672
176.543 776.238
175.051 776.238
-1
4
45.953 733.363
93.375 733.363
93.375 733.93
45.953 733.93
-1
4
195.566 724.293
199.109 724.293
199.109 727.836
195.566 727.836
-1
4
115.913 724.93
119.313 724.93
119.313 727.48
115.913 727.48
-1
4
108.542 732.301
111.941 732.301
111.941 734.852
108.542 734.852
-1
4
188.477 731.379
192.02 731.379
192.02 734.922
188.477 734.922
-1
4
115.913 732.301
119.313 732.301
119.313 734.852
115.913 734.852
-1
4
105.141 738.535
107.691 738.535
107.691 741.939
105.141 741.939
-1
4
43.344 739.457
96.154 739.457
96.154 740.023
43.344 740.023
-1
4
112.512 738.535
115.063 738.535
115.063 741.939
112.512 741.939
-1
4
96.637 750.16
100.038 750.16
100.038 752.711
96.637 752.711
-1
4
31.297 738.465
34.84 738.465
34.84 742.012
31.297 742.012
-1
4
96.637 742.789
100.038 742.789
100.038 745.34
96.637 745.34
-1
4
105.141 716.426
107.691 716.426
107.691 719.827
105.141 719.827
-1
4
112.512 702.82
172.033 702.82
172.033 703.387
112.512 703.387
-1
4
111.375 720.68
114.779 720.68
114.779 723.23
111.375 723.23
-1
4
25.699 715.742
55.496 715.742
55.496 716.309
25.699 716.309
-1
4
84.73 717.559
96.066 717.559
96.066 724.363
84.73 724.363
-1
4
163.836 718.695
189.894 718.695
189.894 719.262
163.836 719.262
-1
6
131.785 729.465
142.273 729.465
142.273 720.68
139.156 720.68
139.156 723.797
131.785 723.797
-1
4
24.211 724.293
27.754 724.293
27.754 727.836
24.211 727.836
-1
4
105.141 723.797
107.691 723.797
107.691 727.199
105.141 727.199
