-1
4
-0.123 689.326
223.443 689.326
223.443 862.014
-0.123 862.014
-1
4
122.996 750.442
125.551 750.442
125.551 753.844
122.996 753.844
-1
4
105.141 754.41
110.809 754.41
110.809 760.082
105.141 760.082
-1
4
31.297 745.555
34.84 745.555
34.84 749.094
31.297 749.094
-1
4
183.941 750.582
197.621 750.582
197.621 751.152
183.941 751.152
-1
4
115.913 754.41
119.313 754.41
119.313 756.961
115.913 756.961
-1
4
97.77 761.781
103.441 761.781
103.441 767.449
97.77 767.449
-1
4
37.676 754.469
38.242 754.469
38.242 759.656
37.676 759.656
-1
4
112.512 761.781
118.18 761.781
118.18 767.449
112.512 767.449
-1
4
31.297 759.727
34.84 759.727
34.84 763.27
31.297 763.27
-1
4
96.637 772.27
100.038 772.27
100.038 774.82
96.637 774.82
-1
4
130.227 732.23
177.707 732.23
177.707 732.797
130.227 732.797
-1
4
44.477 736.41
94.934 736.41
94.934 736.977
44.477 736.977
-1
4
112.512 732.301
118.18 732.301
118.18 737.969
112.512 737.969
-1
4
129.292 735.277
178.84 735.277
178.84 735.844
129.292 735.844
-1
4
105.141 739.672
110.809 739.672
110.809 745.34
105.141 745.34
-1
4
127.676 738.324
179.973 738.324
179.973 738.891
127.676 738.891
-1
4
97.77 747.039
103.441 747.039
103.441 752.711
97.77 752.711
-1
4
97.77 738.535
100.32 738.535
100.32 741.939
97.77 741.939
-1
4
119.879 739.672
125.551 739.672
125.551 745.34
119.879 745.34
-1
4
188.477 699.488
213.281 699.488
213.281 706.578
188.477 706.578
-1
4
18.613 714.559
51.512 714.559
51.512 715.129
18.613 715.129
-1
4
51.285 702.82
105.707 702.82
105.707 703.387
51.285 703.387
-1
4
112.512 717.559
118.18 717.559
118.18 723.23
112.512 723.23
-1
4
24.211 717.207
27.754 717.207
27.754 720.75
24.211 720.75
-1
4
97.77 717.559
103.441 717.559
103.441 723.23
97.77 723.23
-1
4
123.282 717.559
126.684 717.559
126.684 720.113
123.282 720.113
-1
4
188.477 717.207
192.02 717.207
192.02 720.75
188.477 720.75
-1
4
127.59 705.09
164.062 705.09
164.062 705.656
127.59 705.656
-1
4
43.699 708.066
47.242 708.066
47.242 708.632
43.699 708.632
-1
4
31.297 724.293
34.84 724.293
34.84 727.836
31.297 727.836
-1
4
105.141 724.93
110.809 724.93
110.809 730.602
105.141 730.602
