-1
4
-0.123 689.326
223.443 689.326
223.443 862.014
-0.123 862.014
-1
4
108.258 750.442
110.809 750.442
110.809 753.844
108.258 753.844
-1
4
104.008 751.691
104.574 751.691
104.574 755.629
104.008 755.629
-1
4
188.477 745.555
192.02 745.555
192.02 749.094
188.477 749.094
-1
4
115.629 750.442
118.18 750.442
118.18 753.844
115.629 753.844
-1
4
111.375 757.527
114.779 757.527
114.779 760.082
111.375 760.082
-1
4
101.173 761.781
104.574 761.781
104.574 764.332
101.173 764.332
-1
4
108.258 765.182
110.809 765.182
110.809 768.582
108.258 768.582
-1
4
115.629 765.182
118.18 765.182
118.18 768.582
115.629 768.582
-1
4
123.282 761.781
126.684 761.781
126.684 764.332
123.282 764.332
-1
4
100.887 772.553
103.441 772.553
103.441 775.953
100.887 775.953
-1
4
52.742 775.672
54.234 775.672
54.234 776.238
52.742 776.238
-1
4
56.102 848.309
59.645 848.309
59.645 851.852
56.102 851.852
-1
4
68.219 791.602
68.785 791.602
68.785 842.015
68.219 842.015
-1
4
121.367 842.355
171.201 842.355
171.201 842.922
121.367 842.922
-1
4
104.008 728.047
107.408 728.047
107.408 730.602
104.008 730.602
-1
4
177.141 729.324
197.621 729.324
197.621 729.891
177.141 729.891
-1
4
111.375 728.047
114.779 728.047
114.779 730.602
111.375 730.602
-1
4
117.953 726.914
130.793 726.914
130.793 727.48
117.953 727.48
-1
4
31.297 731.379
34.84 731.379
34.84 734.922
31.297 734.922
-1
4
104.008 735.418
107.408 735.418
107.408 737.969
104.008 737.969
-1
4
115.629 735.702
118.18 735.702
118.18 739.105
115.629 739.105
-1
4
24.211 731.379
27.754 731.379
27.754 734.922
24.211 734.922
-1
4
95.926 737.319
96.496 737.319
96.496 740.023
95.926 740.023
-1
4
108.258 743.073
110.809 743.073
110.809 746.473
108.258 746.473
-1
4
115.629 743.073
118.18 743.073
118.18 746.473
115.629 746.473
-1
4
101.173 747.039
104.574 747.039
104.574 749.594
101.173 749.594
-1
4
41.078 750.16
97.998 750.16
97.998 750.727
41.078 750.727
-1
4
26.039 743.5
41.305 743.5
41.305 744.066
26.039 744.066
-1
4
33.423 739.953
42.777 739.953
42.777 740.523
33.423 740.523
-1
4
188.477 738.465
192.02 738.465
192.02 742.012
188.477 742.012
-1
4
108.542 717.559
111.941 717.559
111.941 720.113
108.542 720.113
-1
4
171.805 714.559
204.707 714.559
204.707 715.129
171.805 715.129
-1
4
115.913 717.559
119.313 717.559
119.313 720.113
115.913 720.113
-1
4
41.645 703.035
42.211 703.035
42.211 706.578
41.645 706.578
-1
4
101.173 717.559
104.574 717.559
104.574 720.113
101.173 720.113
-1
4
122.996 720.962
125.551 720.962
125.551 724.363
122.996 724.363
-1
4
91.532 717.559
97.203 717.559
97.203 720.113
91.532 720.113
-1
4
59.258 705.09
94.594 705.09
94.594 705.656
59.258 705.656
-1
4
131.785 710.191
142.273 710.191
142.273 715.859
131.785 715.859
