-1
4
-0.123 689.326
223.443 689.326
223.443 862.014
-0.123 862.014
-1
4
122.996 743.073
125.551 743.073
125.551 746.473
122.996 746.473
-1
4
125.323 749.023
182.242 749.023
182.242 749.594
125.323 749.594
-1
4
108.542 754.41
111.941 754.41
111.941 756.961
108.542 756.961
-1
4
38.809 757.527
105.368 757.527
105.368 758.094
38.809 758.094
-1
4
108.542 747.039
111.941 747.039
111.941 749.594
108.542 749.594
-1
4
115.913 747.039
119.313 747.039
119.313 749.594
115.913 749.594
-1
4
117.16 753.277
121.099 753.277
121.099 753.844
117.16 753.844
-1
4
117.953 756.395
184.168 756.395
184.168 756.961
117.953 756.961
-1
4
97.77 760.648
100.32 760.648
100.32 764.048
97.77 764.048
-1
4
105.141 760.648
107.691 760.648
107.691 764.048
105.141 764.048
-1
4
115.913 761.781
119.313 761.781
119.313 764.332
115.913 764.332
-1
4
185.418 754.129
189.894 754.129
189.894 754.695
185.418 754.695
-1
4
186.211 757.672
197.621 757.672
197.621 758.238
186.211 758.238
-1
4
35.406 761.215
35.973 761.215
35.973 772.836
35.406 772.836
-1
4
97.77 768.016
100.32 768.016
100.32 771.419
97.77 771.419
-1
4
34.84 775.672
36.332 775.672
36.332 776.238
34.84 776.238
-1
4
43.793 775.672
45.285 775.672
45.285 776.238
43.793 776.238
-1
4
163.117 775.672
164.609 775.672
164.609 776.238
163.117 776.238
-1
4
181.02 775.672
182.512 775.672
182.512 776.238
181.02 776.238
-1
4
57.59 778.278
58.156 778.278
58.156 849.726
57.59 849.726
-1
4
17.125 837.68
20.668 837.68
20.668 841.223
17.125 841.223
-1
4
108.542 724.93
111.941 724.93
111.941 727.48
108.542 727.48
-1
4
105.141 731.168
107.691 731.168
107.691 734.568
105.141 734.568
-1
4
33.423 732.867
45.043 732.867
45.043 733.434
33.423 733.434
-1
4
178.273 732.867
189.894 732.867
189.894 733.434
178.273 733.434
-1
4
111.375 735.418
114.779 735.418
114.779 737.969
111.375 737.969
-1
4
117.953 734.285
129.177 734.285
129.177 734.852
117.953 734.852
-1
4
25.699 736.41
43.91 736.41
43.91 736.977
25.699 736.977
-1
4
101.879 738.535
106.161 738.535
106.161 739.105
101.879 739.105
-1
4
104.008 742.789
107.408 742.789
107.408 745.34
104.008 745.34
-1
4
179.406 736.41
197.621 736.41
197.621 736.977
179.406 736.977
-1
4
115.913 739.672
119.313 739.672
119.313 742.223
115.913 742.223
-1
4
97.77 745.906
100.32 745.906
100.32 749.308
97.77 749.308
-1
4
42.211 742.789
97.998 742.789
97.998 743.355
42.211 743.355
-1
4
180.543 739.953
189.894 739.953
189.894 740.523
180.543 740.523
-1
4
115.629 720.962
118.18 720.962
118.18 724.363
115.629 724.363
-1
4
54.93 703.953
98.336 703.953
98.336 704.523
54.93 704.523
-1
4
96.637 720.68
100.038 720.68
100.038 723.23
96.637 723.23
-1
4
119.879 703.953
168.387 703.953
168.387 704.523
119.879 704.523
-1
4
127.25 716.426
138.59 716.426
138.59 723.23
127.25 723.23
-1
4
176.078 708.066
179.621 708.066
179.621 708.632
176.078 708.632
-1
4
81.047 724.93
91.535 724.93
91.535 730.602
81.047 730.602
-1
4
25.699 729.324
46.18 729.324
46.18 729.891
25.699 729.891
