-1
4
-0.123 689.326
223.443 689.326
223.443 862.014
-0.123 862.014
-1
4
108.258 720.962
110.809 720.962
110.809 724.363
108.258 724.363
-1
4
171.805 714.559
204.707 714.559
204.707 715.129
171.805 715.129
-1
4
112.512 716.426
115.063 716.426
115.063 719.827
112.512 719.827
-1
4
97.77 717.559
103.441 717.559
103.441 723.23
97.77 723.23
-1
4
119.879 703.953
168.387 703.953
168.387 704.523
119.879 704.523
-1
4
195.566 717.207
199.109 717.207
199.109 720.75
195.566 720.75
-1
4
31.297 717.207
34.84 717.207
34.84 720.75
31.297 720.75
-1
4
59.258 705.09
94.594 705.09
94.594 705.656
59.258 705.656
-1
4
134.054 716.426
139.723 716.426
139.723 720.113
134.054 720.113
-1
4
183.164 708.066
186.707 708.066
186.707 708.632
183.164 708.632
-1
4
31.297 724.293
34.84 724.293
34.84 727.836
31.297 727.836
-1
4
24.211 724.293
27.754 724.293
27.754 727.836
24.211 727.836
-1
4
115.913 724.93
119.313 724.93
119.313 727.48
115.913 727.48
-1
4
108.542 732.301
111.941 732.301
111.941 734.852
108.542 734.852
-1
4
115.913 732.301
119.313 732.301
119.313 734.852
115.913 734.852
-1
4
129.292 735.277
178.84 735.277
178.84 735.844
129.292 735.844
-1
4
25.699 736.41
43.91 736.41
43.91 736.977
25.699 736.977
-1
4
105.141 738.535
107.691 738.535
107.691 741.939
105.141 741.939
-1
4
115.629 743.073
118.18 743.073
118.18 746.473
115.629 746.473
-1
4
96.637 750.16
100.038 750.16
100.038 752.711
96.637 752.711
-1
4
26.039 743.5
41.305 743.5
41.305 744.066
26.039 744.066
-1
4
33.423 739.953
42.777 739.953
42.777 740.523
33.423 740.523
-1
4
100.887 743.073
103.441 743.073
103.441 746.473
100.887 746.473
-1
4
123.282 739.672
126.684 739.672
126.684 742.223
123.282 742.223
-1
4
123.282 747.039
126.684 747.039
126.684 749.594
123.282 749.594
-1
4
104.008 757.527
107.408 757.527
107.408 760.082
104.008 760.082
-1
4
104.008 750.16
107.408 750.16
107.408 752.711
104.008 752.711
-1
4
39.941 747.381
40.508 747.381
40.508 755.629
39.941 755.629
-1
4
188.477 745.555
192.02 745.555
192.02 749.094
188.477 749.094
-1
4
115.629 750.442
118.18 750.442
118.18 753.844
115.629 753.844
-1
4
182.809 747.381
183.375 747.381
183.375 755.062
182.809 755.062
-1
4
26.039 757.672
37.109 757.672
37.109 758.238
26.039 758.238
-1
4
96.637 764.898
100.038 764.898
100.038 767.449
96.637 767.449
-1
4
112.512 761.781
118.18 761.781
118.18 767.449
112.512 767.449
-1
4
185.418 754.129
189.894 754.129
189.894 754.695
185.418 754.695
