-1
4
-0.123 689.326
223.443 689.326
223.443 862.014
-0.123 862.014
-1
4
160.133 775.672
161.625 775.672
161.625 776.238
160.133 776.238
-1
4
166.098 775.672
167.594 775.672
167.594 776.238
166.098 776.238
-1
4
175.051 775.672
176.543 775.672
176.543 776.238
175.051 776.238
-1
4
181.02 775.672
182.512 775.672
182.512 776.238
181.02 776.238
-1
4
186.988 775.672
188.476 775.672
188.476 776.238
186.988 776.238
-1
4
57.59 777.938
100.887 777.938
100.887 778.504
57.59 778.504
-1
4
68.219 791.262
93.234 791.262
93.234 791.828
68.219 791.828
-1
4
78.848 842.129
79.414 842.129
79.414 849.726
78.848 849.726
-1
4
70.273 801.113
70.839 801.113
70.839 815.851
70.273 815.851
-1
4
167.219 801.113
167.785 801.113
167.785 815.851
167.219 815.851
-1
4
100.109 804.656
100.676 804.656
100.676 849.726
100.109 849.726
-1
4
155.879 820.176
171.201 820.176
171.201 820.742
155.879 820.742
-1
4
121.367 842.695
121.934 842.695
121.934 849.726
121.367 849.726
-1
4
70.613 837.113
77.359 837.113
77.359 837.68
70.613 837.68
-1
4
167.219 830.594
167.785 830.594
167.785 837.34
167.219 837.34
-1
4
10.039 837.68
13.578 837.68
13.578 841.223
10.039 841.223
-1
4
19.251 839.168
25.628 839.168
25.628 839.734
19.251 839.734
-1
4
31.297 837.68
34.84 837.68
34.84 841.223
31.297 841.223
-1
4
41.645 837.68
42.211 837.68
42.211 841.223
41.645 841.223
-1
4
181.109 837.68
181.675 837.68
181.675 841.223
181.109 841.223
-1
4
188.477 837.68
192.02 837.68
192.02 841.223
188.477 841.223
-1
4
197.692 839.168
204.069 839.168
204.069 839.734
197.692 839.734
-1
4
209.738 837.68
213.281 837.68
213.281 841.223
209.738 841.223
-1
4
36.613 842.711
40.156 842.711
40.156 843.277
36.613 843.277
-1
4
43.699 842.711
47.242 842.711
47.242 843.277
43.699 843.277
-1
4
176.078 842.711
179.621 842.711
179.621 843.277
176.078 843.277
-1
4
183.164 842.711
186.707 842.711
186.707 843.277
183.164 843.277
-1
4
41.645 844.766
42.211 844.766
42.211 848.309
41.645 848.309
-1
4
181.109 844.766
181.675 844.766
181.675 848.309
181.109 848.309
-1
4
188.477 703.742
192.02 703.742
192.02 713.664
188.477 713.664
-1
4
50.945 702.82
51.512 702.82
51.512 714.787
50.945 714.787
-1
4
18.613 714.901
19.18 714.901
19.18 718.624
18.613 718.624
-1
4
105.141 703.16
105.707 703.16
105.707 716.879
105.141 716.879
-1
4
171.805 702.82
172.375 702.82
172.375 714.787
171.805 714.787
-1
4
204.141 714.901
204.707 714.901
204.707 718.624
204.141 718.624
-1
4
112.512 703.16
113.078 703.16
113.078 716.879
112.512 716.879
-1
4
41.645 703.035
42.211 703.035
42.211 706.578
41.645 706.578
-1
4
181.109 703.035
181.675 703.035
181.675 706.578
181.109 706.578
-1
4
25.699 716.082
26.266 716.082
26.266 718.624
25.699 718.624
-1
4
96.637 720.68
100.038 720.68
100.038 723.23
96.637 723.23
-1
4
97.77 704.295
98.336 704.295
98.336 717.787
97.77 717.787
-1
4
167.82 704.295
168.387 704.295
168.387 715.969
167.82 715.969
-1
4
197.055 716.082
197.621 716.082
197.621 718.624
197.055 718.624
-1
4
118.746 720.68
122.148 720.68
122.148 723.23
118.746 723.23
-1
4
119.879 704.295
120.445 704.295
120.445 717.787
119.879 717.787
-1
4
58.918 705.09
59.484 705.09
59.484 718.922
58.918 718.922
-1
4
127.25 705.09
127.816 705.09
127.816 719.148
127.25 719.148
-1
4
163.836 705.09
164.402 705.09
164.402 718.922
163.836 718.922
-1
4
36.613 708.066
40.156 708.066
40.156 708.632
36.613 708.632
-1
4
176.078 708.066
179.621 708.066
179.621 708.632
176.078 708.632
-1
4
10.039 710.121
13.578 710.121
13.578 713.664
10.039 713.664
-1
4
19.251 711.609
25.628 711.609
25.628 712.176
19.251 712.176
-1
4
197.692 711.609
204.069 711.609
204.069 712.176
197.692 712.176
-1
4
209.738 710.121
213.281 710.121
213.281 713.664
209.738 713.664
-1
4
81.047 724.93
91.535 724.93
91.535 730.602
81.047 730.602
-1
4
108.258 728.333
110.809 728.333
110.809 731.734
108.258 731.734
-1
4
25.699 726.419
26.266 726.419
26.266 729.551
25.699 729.551
-1
4
115.629 728.333
118.18 728.333
118.18 731.734
115.629 731.734
-1
4
197.055 726.419
197.621 726.419
197.621 729.551
197.055 729.551
-1
4
130.227 727.254
130.793 727.254
130.793 732.457
130.227 732.457
-1
4
108.258 735.702
110.809 735.702
110.809 739.105
108.258 739.105
-1
4
44.477 733.207
45.043 733.207
45.043 736.637
44.477 736.637
-1
4
115.629 735.702
118.18 735.702
118.18 739.105
115.629 739.105
-1
4
178.273 733.207
178.84 733.207
178.84 735.504
178.273 735.504
-1
4
25.699 733.505
26.266 733.505
26.266 736.637
25.699 736.637
-1
4
95.926 737.319
96.496 737.319
96.496 740.023
95.926 740.023
-1
4
101.879 737.319
102.445 737.319
102.445 738.763
101.879 738.763
-1
4
197.055 733.505
197.621 733.505
197.621 736.637
197.055 736.637
-1
4
25.699 740.593
26.266 740.593
26.266 744.066
25.699 744.066
-1
4
41.078 743.5
41.645 743.5
41.645 750.387
41.078 750.387
-1
4
101.173 747.039
104.574 747.039
104.574 749.594
101.173 749.594
-1
4
122.996 743.073
125.551 743.073
125.551 746.473
122.996 746.473
-1
4
180.543 740.295
181.109 740.295
181.109 741.883
180.543 741.883
-1
4
197.055 740.593
197.621 740.593
197.621 743.726
197.055 743.726
-1
4
181.676 743.84
182.242 743.84
182.242 749.251
181.676 749.251
-1
4
25.699 747.678
26.266 747.678
26.266 750.81
25.699 750.81
-1
4
105.141 753.277
107.691 753.277
107.691 756.679
105.141 756.679
-1
4
108.542 747.039
111.941 747.039
111.941 749.594
108.542 749.594
-1
4
120.871 753.277
121.441 753.277
121.441 755.402
120.871 755.402
-1
4
115.913 747.039
119.313 747.039
119.313 749.594
115.913 749.594
-1
4
183.941 750.924
184.508 750.924
184.508 756.961
183.941 756.961
-1
4
197.055 747.678
197.621 747.678
197.621 750.81
197.055 750.81
-1
4
112.512 753.277
115.063 753.277
115.063 756.679
112.512 756.679
-1
4
25.699 754.767
26.266 754.767
26.266 758.238
25.699 758.238
-1
4
100.887 765.182
103.441 765.182
103.441 768.582
100.887 768.582
-1
4
36.543 758.012
37.109 758.012
37.109 765.126
36.543 765.126
-1
4
33.423 754.129
38.242 754.129
38.242 754.695
33.423 754.695
-1
4
101.879 759.09
102.445 759.09
102.445 760.875
101.879 760.875
-1
4
108.542 761.781
111.941 761.781
111.941 764.332
108.542 764.332
-1
4
115.629 765.182
118.18 765.182
118.18 768.582
115.629 768.582
-1
4
118.746 758.295
119.313 758.295
119.313 762.801
118.746 762.801
-1
4
197.055 754.767
197.621 754.767
197.621 757.898
197.055 757.898
-1
4
122.996 765.182
125.551 765.182
125.551 768.582
122.996 768.582
-1
4
186.211 758.012
186.777 758.012
186.777 763.992
186.211 763.992
-1
4
34.84 775.672
36.332 775.672
36.332 776.238
34.84 776.238
-1
4
40.809 775.672
42.301 775.672
42.301 776.238
40.809 776.238
-1
4
49.762 775.672
51.25 775.672
51.25 776.238
49.762 776.238
