-1
4
-0.123 689.326
223.443 689.326
223.443 862.014
-0.123 862.014
-1
4
55.727 775.672
57.219 775.672
57.219 776.238
55.727 776.238
-1
4
68.219 791.602
68.785 791.602
68.785 842.015
68.219 842.015
-1
4
51.285 702.82
105.707 702.82
105.707 703.387
51.285 703.387
-1
4
105.141 716.426
107.691 716.426
107.691 719.827
105.141 719.827
-1
4
115.629 720.962
118.18 720.962
118.18 724.363
115.629 724.363
-1
4
100.887 720.962
103.441 720.962
103.441 724.363
100.887 724.363
-1
4
119.879 716.426
122.43 716.426
122.43 719.827
119.879 719.827
-1
4
91.532 717.559
97.203 717.559
97.203 720.113
91.532 720.113
-1
4
126.117 720.68
131.786 720.68
131.786 723.23
126.117 723.23
-1
4
41.645 710.121
42.211 710.121
42.211 713.664
41.645 713.664
-1
4
131.785 710.191
142.273 710.191
142.273 715.859
131.785 715.859
-1
4
108.542 724.93
111.941 724.93
111.941 727.48
108.542 727.48
-1
4
45.613 729.664
46.18 729.664
46.18 733.93
45.613 733.93
-1
4
92.809 730.035
105.368 730.035
105.368 730.602
92.809 730.602
-1
4
117.953 726.914
130.793 726.914
130.793 727.48
117.953 727.48
-1
4
177.141 729.664
177.707 729.664
177.707 732.457
177.141 732.457
-1
4
31.297 731.379
34.84 731.379
34.84 734.922
31.297 734.922
-1
4
94.367 735.418
105.368 735.418
105.368 735.988
94.367 735.988
-1
4
111.375 735.418
114.779 735.418
114.779 737.969
111.375 737.969
-1
4
101.879 738.535
106.161 738.535
106.161 739.105
101.879 739.105
-1
4
43.344 736.75
43.91 736.75
43.91 739.683
43.344 739.683
-1
4
104.008 742.789
107.408 742.789
107.408 745.34
104.008 745.34
-1
4
127.676 736.75
128.242 736.75
128.242 738.551
127.676 738.551
-1
4
111.375 742.789
114.779 742.789
114.779 745.34
111.375 745.34
-1
4
100.887 750.442
103.441 750.442
103.441 753.844
100.887 753.844
-1
4
41.078 750.16
97.998 750.16
97.998 750.727
41.078 750.727
-1
4
42.211 742.789
97.998 742.789
97.998 743.355
42.211 743.355
-1
4
119.879 738.535
122.43 738.535
122.43 741.939
119.879 741.939
-1
4
125.323 741.656
181.109 741.656
181.109 742.223
125.323 742.223
-1
4
119.879 745.906
122.43 745.906
122.43 749.308
119.879 749.308
-1
4
108.258 757.813
110.809 757.813
110.809 761.215
108.258 761.215
-1
4
33.423 747.039
40.508 747.039
40.508 747.609
33.423 747.609
-1
4
108.258 750.442
110.809 750.442
110.809 753.844
108.258 753.844
-1
4
117.16 753.277
121.099 753.277
121.099 753.844
117.16 753.844
-1
4
115.629 757.813
118.18 757.813
118.18 761.215
115.629 761.215
-1
4
31.297 752.641
34.84 752.641
34.84 756.184
31.297 756.184
-1
4
101.879 760.648
106.161 760.648
106.161 761.215
101.879 761.215
-1
4
104.008 764.898
107.408 764.898
107.408 767.449
104.008 767.449
-1
4
111.375 764.898
114.779 764.898
114.779 767.449
111.375 767.449
-1
4
186.211 757.672
197.621 757.672
197.621 758.238
186.211 758.238
-1
4
118.746 764.898
122.148 764.898
122.148 767.449
118.746 767.449
-1
4
125.323 763.766
186.777 763.766
186.777 764.332
125.323 764.332
-1
4
35.406 761.215
35.973 761.215
35.973 772.836
35.406 772.836
-1
4
100.887 772.553
103.441 772.553
103.441 775.953
100.887 775.953
-1
4
37.824 775.672
39.316 775.672
39.316 776.238
37.824 776.238
-1
4
46.777 775.672
48.265 775.672
48.265 776.238
46.777 776.238
