-1
4
-0.123 689.326
223.443 689.326
223.443 862.014
-0.123 862.014
-1
4
61.695 775.672
63.187 775.672
63.187 776.238
61.695 776.238
-1
4
121.367 842.355
171.201 842.355
171.201 842.922
121.367 842.922
-1
4
104.008 720.68
107.408 720.68
107.408 723.23
104.008 723.23
-1
4
111.375 720.68
114.779 720.68
114.779 723.23
111.375 723.23
-1
4
25.699 715.742
55.496 715.742
55.496 716.309
25.699 716.309
-1
4
97.77 716.426
100.32 716.426
100.32 719.827
97.77 719.827
-1
4
167.82 715.742
197.621 715.742
197.621 716.309
167.82 716.309
-1
4
123.282 717.559
126.684 717.559
126.684 720.113
123.282 720.113
-1
4
127.59 705.09
164.062 705.09
164.062 705.656
127.59 705.656
-1
4
43.699 708.066
47.242 708.066
47.242 708.632
43.699 708.632
-1
4
202.652 710.121
206.195 710.121
206.195 713.664
202.652 713.664
-1
6
131.785 729.465
142.273 729.465
142.273 720.68
139.156 720.68
139.156 723.797
131.785 723.797
-1
6
81.047 720.113
84.164 720.113
84.164 716.992
91.535 716.992
91.535 711.324
81.047 711.324
-1
4
33.423 725.781
65.172 725.781
65.172 726.348
33.423 726.348
-1
4
104.008 728.047
107.408 728.047
107.408 730.602
104.008 730.602
-1
4
45.953 733.363
93.375 733.363
93.375 733.93
45.953 733.93
-1
4
195.566 724.293
199.109 724.293
199.109 727.836
195.566 727.836
-1
4
111.375 728.047
114.779 728.047
114.779 730.602
111.375 730.602
-1
4
44.477 736.41
94.934 736.41
94.934 736.977
44.477 736.977
-1
4
104.008 735.418
107.408 735.418
107.408 737.969
104.008 737.969
-1
4
117.953 734.285
129.177 734.285
129.177 734.852
117.953 734.852
-1
4
24.211 731.379
27.754 731.379
27.754 734.922
24.211 734.922
-1
4
43.344 739.457
96.154 739.457
96.154 740.023
43.344 740.023
-1
4
108.542 739.672
111.941 739.672
111.941 742.223
108.542 742.223
-1
4
195.566 731.379
199.109 731.379
199.109 734.922
195.566 734.922
-1
4
127.676 738.324
179.973 738.324
179.973 738.891
127.676 738.891
-1
4
115.913 739.672
119.313 739.672
119.313 742.223
115.913 742.223
-1
4
96.637 742.789
100.038 742.789
100.038 745.34
96.637 745.34
-1
4
122.996 750.442
125.551 750.442
125.551 753.844
122.996 753.844
-1
4
108.542 754.41
111.941 754.41
111.941 756.961
108.542 756.961
-1
4
38.809 757.527
105.368 757.527
105.368 758.094
38.809 758.094
-1
4
31.297 745.555
34.84 745.555
34.84 749.094
31.297 749.094
-1
4
105.141 745.906
107.691 745.906
107.691 749.308
105.141 749.308
-1
4
182.809 747.039
189.894 747.039
189.894 747.609
182.809 747.609
-1
4
112.512 745.906
115.063 745.906
115.063 749.308
112.512 749.308
-1
4
183.941 750.582
197.621 750.582
197.621 751.152
183.941 751.152
-1
4
115.913 754.41
119.313 754.41
119.313 756.961
115.913 756.961
-1
4
24.211 752.641
27.754 752.641
27.754 756.184
24.211 756.184
-1
4
97.77 760.648
100.32 760.648
100.32 764.048
97.77 764.048
-1
4
105.141 760.648
107.691 760.648
107.691 764.048
105.141 764.048
-1
4
185.078 754.129
185.645 754.129
185.645 758.181
185.078 758.181
-1
4
112.512 760.648
115.063 760.648
115.063 764.048
112.512 764.048
-1
4
123.282 761.781
126.684 761.781
126.684 764.332
123.282 764.332
-1
4
31.297 759.727
34.84 759.727
34.84 763.27
31.297 763.27
-1
4
101.173 769.152
104.574 769.152
104.574 771.703
101.173 771.703
-1
4
35.746 772.27
97.998 772.27
97.998 772.836
35.746 772.836
