-1
4
-0.123 689.326
223.443 689.326
223.443 862.014
-0.123 862.014
-1
4
52.742 775.672
54.234 775.672
54.234 776.238
52.742 776.238
-1
4
172.066 775.672
173.558 775.672
173.558 776.238
172.066 776.238
-1
4
178.035 775.672
179.527 775.672
179.527 776.238
178.035 776.238
-1
4
184.004 775.672
185.492 775.672
185.492 776.238
184.004 776.238
-1
4
68.219 841.789
79.414 841.789
79.414 842.355
68.219 842.355
-1
4
77.359 848.309
80.902 848.309
80.902 851.852
77.359 851.852
-1
4
98.621 848.309
102.164 848.309
102.164 851.852
98.621 851.852
-1
4
170.973 820.176
171.543 820.176
171.543 842.922
170.973 842.922
-1
4
119.879 848.309
123.422 848.309
123.422 851.852
119.879 851.852
-1
4
70.273 830.594
70.84 830.594
70.84 837.68
70.273 837.68
-1
4
160.699 837.113
167.785 837.113
167.785 837.68
160.699 837.68
-1
4
17.125 837.68
20.668 837.68
20.668 841.223
17.125 841.223
-1
4
24.211 837.68
27.754 837.68
27.754 841.223
24.211 841.223
-1
4
195.566 837.68
199.109 837.68
199.109 841.223
195.566 841.223
-1
4
202.652 837.68
206.195 837.68
206.195 841.223
202.652 841.223
-1
4
17.125 717.207
20.668 717.207
20.668 720.75
17.125 720.75
-1
4
108.542 717.559
111.941 717.559
111.941 720.113
108.542 720.113
-1
4
202.652 717.207
206.195 717.207
206.195 720.75
202.652 720.75
-1
4
112.512 702.82
172.033 702.82
172.033 703.387
112.512 703.387
-1
4
115.913 717.559
119.313 717.559
119.313 720.113
115.913 720.113
-1
4
24.211 717.207
27.754 717.207
27.754 720.75
24.211 720.75
-1
4
54.93 704.295
55.496 704.295
55.496 715.969
54.93 715.969
-1
4
101.173 717.559
104.574 717.559
104.574 720.113
101.173 720.113
-1
4
122.996 720.962
125.551 720.962
125.551 724.363
122.996 724.363
-1
4
94.367 705.09
94.934 705.09
94.934 720.281
94.367 720.281
-1
4
33.423 718.695
59.484 718.695
59.484 719.262
33.423 719.262
-1
4
83.598 720.68
89.264 720.68
89.264 724.363
83.598 724.363
-1
4
163.836 718.695
189.894 718.695
189.894 719.262
163.836 719.262
-1
4
17.125 710.121
20.668 710.121
20.668 713.664
17.125 713.664
-1
4
24.211 710.121
27.754 710.121
27.754 713.664
24.211 713.664
-1
4
158.149 725.781
189.894 725.781
189.894 726.348
158.149 726.348
-1
4
105.141 723.797
107.691 723.797
107.691 727.199
105.141 727.199
-1
4
92.809 730.375
93.375 730.375
93.375 733.59
92.809 733.59
-1
4
112.512 723.797
115.063 723.797
115.063 727.199
112.512 727.199
-1
4
105.141 731.168
107.691 731.168
107.691 734.568
105.141 734.568
-1
4
33.423 732.867
45.043 732.867
45.043 733.434
33.423 733.434
-1
4
94.367 735.76
94.934 735.76
94.934 736.637
94.367 736.637
-1
4
128.949 734.285
129.52 734.285
129.52 735.844
128.949 735.844
-1
4
112.512 731.168
115.063 731.168
115.063 734.568
112.512 734.568
-1
4
108.258 743.073
110.809 743.073
110.809 746.473
108.258 746.473
-1
4
179.406 736.75
179.973 736.75
179.973 738.551
179.406 738.551
-1
4
112.512 738.535
115.063 738.535
115.063 741.939
112.512 741.939
-1
4
118.746 736.75
119.313 736.75
119.313 740.692
118.746 740.692
-1
4
24.211 738.465
27.754 738.465
27.754 742.012
24.211 742.012
-1
4
97.77 745.906
100.32 745.906
100.32 749.308
97.77 749.308
-1
4
101.173 739.672
104.574 739.672
104.574 742.223
101.173 742.223
-1
4
42.211 740.295
42.777 740.295
42.777 743.015
42.211 743.015
-1
4
118.746 742.789
122.148 742.789
122.148 745.34
118.746 745.34
-1
4
195.566 738.465
199.109 738.465
199.109 742.012
195.566 742.012
-1
4
118.746 750.16
122.148 750.16
122.148 752.711
118.746 752.711
-1
4
125.323 749.023
182.242 749.023
182.242 749.594
125.323 749.594
-1
4
24.211 745.555
27.754 745.555
27.754 749.094
24.211 749.094
-1
4
38.809 750.924
39.375 750.924
39.375 757.754
38.809 757.754
-1
4
104.008 751.691
104.574 751.691
104.574 755.629
104.008 755.629
-1
4
111.375 750.16
114.779 750.16
114.779 752.711
111.375 752.711
-1
4
195.566 745.555
199.109 745.555
199.109 749.094
195.566 749.094
-1
4
111.375 757.527
114.779 757.527
114.779 760.082
111.375 760.082
-1
4
117.953 756.395
184.168 756.395
184.168 756.961
117.953 756.961
-1
4
101.173 761.781
104.574 761.781
104.574 764.332
101.173 764.332
-1
4
36.543 764.898
97.998 764.898
97.998 765.469
36.543 765.469
-1
4
108.258 765.182
110.809 765.182
110.809 768.582
108.258 768.582
-1
4
115.913 761.781
119.313 761.781
119.313 764.332
115.913 764.332
-1
4
195.566 752.641
199.109 752.641
199.109 756.184
195.566 756.184
-1
4
33.423 761.215
35.633 761.215
35.633 761.781
33.423 761.781
-1
4
97.77 768.016
100.32 768.016
100.32 771.419
97.77 771.419
-1
4
43.793 775.672
45.285 775.672
45.285 776.238
43.793 776.238
