-1
4
-0.123 689.326
223.443 689.326
223.443 862.014
-0.123 862.014
-1
4
57.59 778.278
58.156 778.278
58.156 849.726
57.59 849.726
-1
4
18.613 714.559
51.512 714.559
51.512 715.129
18.613 715.129
-1
4
112.512 717.559
118.18 717.559
118.18 723.23
112.512 723.23
-1
4
54.93 703.953
98.336 703.953
98.336 704.523
54.93 704.523
-1
4
84.73 717.559
96.066 717.559
96.066 724.363
84.73 724.363
-1
4
127.25 716.426
138.59 716.426
138.59 723.23
127.25 723.23
-1
4
105.141 724.93
110.809 724.93
110.809 730.602
105.141 730.602
-1
4
25.699 729.324
46.18 729.324
46.18 729.891
25.699 729.891
-1
4
177.141 729.324
197.621 729.324
197.621 729.891
177.141 729.891
-1
4
112.512 732.301
118.18 732.301
118.18 737.969
112.512 737.969
-1
4
178.273 732.867
189.894 732.867
189.894 733.434
178.273 733.434
-1
4
105.141 739.672
110.809 739.672
110.809 745.34
105.141 745.34
-1
4
179.406 736.41
197.621 736.41
197.621 736.977
179.406 736.977
-1
4
97.77 747.039
103.441 747.039
103.441 752.711
97.77 752.711
-1
4
97.77 738.535
100.32 738.535
100.32 741.939
97.77 741.939
-1
4
119.879 739.672
125.551 739.672
125.551 745.34
119.879 745.34
-1
4
180.543 739.953
189.894 739.953
189.894 740.523
180.543 740.523
-1
4
181.676 743.5
197.621 743.5
197.621 744.066
181.676 744.066
-1
4
25.699 750.582
39.375 750.582
39.375 751.152
25.699 751.152
-1
4
105.141 754.41
110.809 754.41
110.809 760.082
105.141 760.082
-1
4
112.512 747.039
118.18 747.039
118.18 752.711
112.512 752.711
-1
4
97.77 761.781
103.441 761.781
103.441 767.449
97.77 767.449
-1
4
37.676 754.469
38.242 754.469
38.242 759.656
37.676 759.656
-1
4
118.746 757.953
185.645 757.953
185.645 758.523
118.746 758.523
-1
4
119.879 760.648
122.43 760.648
122.43 764.048
119.879 764.048
-1
4
96.637 772.27
100.038 772.27
100.038 774.82
96.637 774.82
